seqnames,start,end,width,strand,L,area,beta,stat,pval,qval,index.start,index.end,index.width
scaffold_8,8934043,8934229,187,*,11,8.03791574635373,-2.06315367720966,-18.8048934038453,0.000699790062981106,0.0102169349195241,81873,81883,11
scaffold_11,10659095,10659292,198,*,5,4.58081489964208,-2.32150027607219,-18.6771936668124,0.000699790062981106,0.0102169349195241,12644,12648,5
scaffold_10,6987264,6987405,142,*,10,8.36315959802103,1.93460401788626,12.6301662244714,0.000699790062981106,0.0102169349195241,4733,4742,10
scaffold_4,14692844,14693101,258,*,7,4.55675123552256,1.89296767534198,12.3682296798892,0.000699790062981106,0.0102169349195241,64052,64058,7
scaffold_8,13808096,13808129,34,*,5,4.54937509173881,-2.14973822750431,-11.9138170380799,0.000699790062981106,0.0102169349195241,84693,84697,5
scaffold_6,15744703,15746112,1410,*,16,8.16535585283586,1.26497297822294,11.0113316194002,0.000699790062981106,0.0102169349195241,74924,74939,16
scaffold_8,8937163,8937305,143,*,14,8.05869330808584,-1.59171366685865,-10.7735497852934,0.000699790062981106,0.0102169349195241,81891,81904,14
scaffold_2,2449088,2449170,83,*,5,3.61022481197596,1.94755379214818,10.4620749281575,0.000699790062981106,0.0102169349195241,43130,43134,5
scaffold_11,16276413,16276566,154,*,19,9.40277271715788,-1.33194223086977,-10.0056262569178,0.000699790062981106,0.0102169349195241,19488,19506,19
scaffold_8,4606458,4606534,77,*,6,4.00624833402794,1.62185507211972,8.70501164304471,0.000699790062981106,0.0102169349195241,81260,81265,6
scaffold_6,15052252,15052502,251,*,7,5.64250702459546,1.71639568306561,8.43536085146225,0.000699790062981106,0.0102169349195241,74592,74598,7
scaffold_7,5821749,5821884,136,*,9,6.86248309311575,1.99110581367822,8.3116207401417,0.000699790062981106,0.0102169349195241,76727,76735,9
scaffold_3526,2394,2431,38,*,5,0.730180038476523,0.560912222527241,8.19297237729316,0.000699790062981106,0.0102169349195241,53988,53992,5
scaffold_8,21818856,21818878,23,*,5,3.28413053971838,1.70153818008388,8.17871284049075,0.000699790062981106,0.0102169349195241,86076,86080,5
scaffold_5,3747528,3747580,53,*,6,4.20547959277228,1.96697514817674,8.1761872898334,0.000699790062981106,0.0102169349195241,66727,66732,6
scaffold_13,2497745,2498143,399,*,6,3.04553810160457,1.42882740623659,8.06208579291501,0.000699790062981106,0.0102169349195241,29994,29999,6
scaffold_4,17867710,17867756,47,*,5,3.06643396197164,-1.33156995005019,-7.99212983066851,0.000699790062981106,0.0102169349195241,64850,64854,5
scaffold_7,17488869,17488979,111,*,5,4.47149916531676,-2.282239376521,-7.97021201562386,0.000699790062981106,0.0102169349195241,80271,80275,5
scaffold_6,2315072,2315452,381,*,8,2.30566533562827,1.02849519990168,7.80229429644291,0.000699790062981106,0.0102169349195241,71166,71173,8
scaffold_4,13390408,13391054,647,*,13,4.03149425421415,0.828084115475905,7.2930665303778,0.000699790062981106,0.0102169349195241,63756,63768,13
scaffold_10,18512935,18513262,328,*,5,2.26199664092735,1.17334797867294,7.2133104154207,0.000699790062981106,0.0102169349195241,7773,7777,5
scaffold_6,7770816,7771870,1055,*,15,4.67249701565084,-0.885787250499194,-7.15357551609857,0.000699790062981106,0.0102169349195241,72409,72423,15
scaffold_4,7619917,7619967,51,*,6,3.54910243518386,1.44578897773306,6.93413582626033,0.000699790062981106,0.0102169349195241,57071,57076,6
scaffold_3230,994,1848,855,*,6,1.91032176992225,1.00116053050325,6.58716798363731,0.000699790062981106,0.0102169349195241,53380,53385,6
scaffold_3,6654537,6655202,666,*,8,4.15054785648876,-1.43977026836479,-6.55253463240767,0.000699790062981106,0.0102169349195241,50502,50509,8
scaffold_4,10672352,10672616,265,*,14,5.57702482956118,0.711241773017307,6.45779362261118,0.000699790062981106,0.0102169349195241,62410,62423,14
scaffold_10,10487907,10487991,85,*,5,0.69485775202733,0.357348212802996,6.42160809205323,0.000699790062981106,0.0102169349195241,5541,5545,5
scaffold_2,9105802,9105854,53,*,5,1.68076353857117,0.511147424965485,6.41134833147766,0.000699790062981106,0.0102169349195241,44890,44894,5
scaffold_11,13331744,13333326,1583,*,22,2.94306169482612,0.486543075991408,6.3842265401231,0.000699790062981106,0.0102169349195241,18172,18193,22
scaffold_14,5471227,5471702,476,*,5,3.29343955810489,1.47047547769766,6.33487310421419,0.000699790062981106,0.0102169349195241,38153,38157,5
scaffold_10,11297773,11298134,362,*,11,1.2995638170146,-0.593870819231441,-6.10191218662661,0.00139958012596221,0.0197747127474661,5793,5803,11
scaffold_2,13403227,13403968,742,*,16,4.40897113897419,0.81453354496807,5.98151198075074,0.00349895031490553,0.0431026941917425,46279,46294,16
scaffold_6,6207759,6207809,51,*,6,2.01071944727664,-1.1471974440942,-5.97895679173732,0.00349895031490553,0.0431026941917425,72028,72033,6
scaffold_11,15703093,15703215,123,*,7,2.52684687870332,0.967163445344885,5.79984430444925,0.00419874037788663,0.0431026941917425,19329,19335,7
scaffold_1,9136494,9136864,371,*,10,1.35911154235312,0.739834601662237,5.66830798940914,0.00419874037788663,0.0431026941917425,1375,1384,10
scaffold_4,3112786,3112983,198,*,5,2.87908518482766,-1.61942991090649,-5.63467106285623,0.00419874037788663,0.0431026941917425,55489,55493,5
scaffold_11,24262657,24262713,57,*,5,1.78859502119969,-1.21131920260592,-5.58559173948114,0.00419874037788663,0.0431026941917425,22776,22780,5
scaffold_11,5551937,5552558,622,*,6,1.07740045169936,-0.6287791895611,-5.57882897533207,0.00419874037788663,0.0431026941917425,9428,9433,6
scaffold_14,3942484,3942518,35,*,5,1.21379505266059,-0.671226337264203,-5.57585949826105,0.00419874037788663,0.0431026941917425,37869,37873,5
scaffold_4,17260858,17261662,805,*,7,3.22380361195161,1.29197245956784,5.53843172269594,0.00419874037788663,0.0431026941917425,64720,64726,7
scaffold_4,3456742,3457333,592,*,16,2.43985658812532,0.537076754596707,5.48473336775503,0.00419874037788663,0.0431026941917425,55569,55584,16
scaffold_16,544222,544284,63,*,6,0.648561432525191,0.6799584787316,5.43780785087633,0.00489853044086774,0.0431026941917425,41659,41664,6
scaffold_2,17450134,17450321,188,*,7,2.50277863340158,1.03948563824438,5.39095330919618,0.00489853044086774,0.0431026941917425,47131,47137,7
scaffold_7,3126936,3127385,450,*,7,2.67642885128303,0.99289583838371,5.37120676356164,0.00489853044086774,0.0431026941917425,76337,76343,7
scaffold_7,12179806,12179935,130,*,5,0.913323389339389,1.15965822604991,5.35426410936433,0.00489853044086774,0.0431026941917425,78792,78796,5
scaffold_5,17761676,17761753,78,*,6,1.86465541708293,0.807296117917315,5.29327761261728,0.00559832050384884,0.0431026941917425,69311,69316,6
scaffold_4,11877126,11877188,63,*,5,1.02862234048469,0.620668232888113,5.28841985582737,0.00559832050384884,0.0431026941917425,63286,63290,5
scaffold_3,10600166,10600244,79,*,5,2.87668914769789,1.43916874929643,5.28724379885898,0.00559832050384884,0.0431026941917425,51527,51531,5
scaffold_7,17837174,17838004,831,*,5,1.94903597644855,1.19211912631861,5.24974661252698,0.00559832050384884,0.0431026941917425,80362,80366,5
scaffold_10,13947188,13947757,570,*,7,2.16777035655621,0.949839524638279,5.24248159026586,0.00559832050384884,0.0431026941917425,6870,6876,7
scaffold_7,12249671,12249783,113,*,7,1.05106897377429,0.455806117340953,5.21275235512971,0.00559832050384884,0.0431026941917425,78848,78854,7
scaffold_14,5954748,5954818,71,*,6,2.14953607346985,-0.979110014449654,-5.18473591415181,0.00559832050384884,0.0431026941917425,38299,38304,6
scaffold_6,3711957,3713211,1255,*,6,0.800677494740942,1.05741071948569,5.16199428271894,0.00559832050384884,0.0431026941917425,71488,71493,6
scaffold_10,74,187,114,*,17,2.91921971784232,-0.48857214576073,-5.11351642326069,0.00629811056682995,0.0431026941917425,3809,3825,17
scaffold_12,18906077,18906335,259,*,6,1.17477013428907,0.735175580795883,5.10406827354845,0.00629811056682995,0.0431026941917425,27906,27911,6
scaffold_11,16273325,16273529,205,*,10,6.61923045129134,-1.62700554195409,-5.05258843903409,0.00629811056682995,0.0431026941917425,19453,19462,10
scaffold_11,12407375,12407611,237,*,5,0.595575314427811,0.768089113910101,5.04805543543179,0.00629811056682995,0.0431026941917425,14029,14033,5
scaffold_4,4556044,4556106,63,*,9,3.87550157397865,0.91803341385676,5.04772790961179,0.00629811056682995,0.0431026941917425,55750,55758,9
scaffold_10,12975472,12975526,55,*,5,1.2439871491313,-0.6310101935441,-5.04464955997798,0.00629811056682995,0.0431026941917425,6204,6208,5
scaffold_11,8934997,8935898,902,*,6,1.03625618685083,-0.77888151668166,-4.88021563433654,0.00629811056682995,0.0431026941917425,10326,10331,6
scaffold_291,16412,16468,57,*,9,1.78371483052353,0.64959223519443,4.86606426957568,0.00629811056682995,0.0431026941917425,48507,48515,9
scaffold_9,7174019,7174218,200,*,11,1.47881240939505,-0.452757088416476,-4.77453049665346,0.00629811056682995,0.0431026941917425,89405,89415,11
scaffold_9,21873,21968,96,*,6,0.691761846307722,0.603582784750631,4.7660610522093,0.00629811056682995,0.0431026941917425,86984,86989,6
scaffold_11,12960239,12960390,152,*,5,1.04222888468341,0.766213555951879,4.74842220459316,0.00629811056682995,0.0431026941917425,16898,16902,5
scaffold_8,24089974,24090644,671,*,9,3.03254076534761,-0.903762527995163,-4.72224134091683,0.00699790062981106,0.0471550842439576,86718,86726,9
scaffold_967,7403,7448,46,*,5,3.34924610553635,-1.42644778099861,-4.70757170532103,0.00769769069279216,0.0503848845346396,91080,91084,5
scaffold_1,12815097,12815529,433,*,9,1.27838588805859,0.465033183787353,4.59503752625678,0.00839748075577327,0.0503848845346396,2822,2830,9
scaffold_2,11208292,11209013,722,*,6,2.7315902366657,-1.1943171272015,-4.59420723229009,0.00839748075577327,0.0503848845346396,45600,45605,6
scaffold_6,12762664,12762749,86,*,6,2.50708839161132,0.855572266146464,4.58723947375241,0.00839748075577327,0.0503848845346396,73652,73657,6
scaffold_4,14683042,14684296,1255,*,11,1.87023747136222,-0.501956532501803,-4.56448829020645,0.00839748075577327,0.0503848845346396,64035,64045,11
scaffold_12,21947942,21948006,65,*,5,2.36146111807075,-1.33160164648272,-4.56234130323319,0.00839748075577327,0.0503848845346396,28747,28751,5
scaffold_13,12264043,12264105,63,*,6,1.11532336065975,0.611954756972934,4.56033963702682,0.00839748075577327,0.0503848845346396,35085,35090,6
scaffold_11,11924325,11924372,48,*,8,0.822728798769702,0.546226070245369,4.52868130541815,0.00839748075577327,0.0503848845346396,13213,13220,8
scaffold_11,10019118,10019192,75,*,8,1.73057898156867,0.71469286496905,4.51712596459187,0.00909727081875437,0.0504380331470179,12374,12381,8
scaffold_11,12596171,12596218,48,*,5,2.0517204841088,0.901031397366491,4.51674985859268,0.00909727081875437,0.0504380331470179,14707,14711,5
scaffold_2,1961469,1962072,604,*,5,2.95009328518126,-1.42468352156972,-4.48577474949869,0.00909727081875437,0.0504380331470179,43042,43046,5
scaffold_4302,513,562,50,*,5,0.781115291062958,0.669435999944667,4.47969889024907,0.00909727081875437,0.0504380331470179,65807,65811,5
scaffold_3,4830795,4831451,657,*,5,0.945953882402973,-0.820091240087057,-4.47832677744124,0.00909727081875437,0.0504380331470179,50109,50113,5
scaffold_5,13615332,13615452,121,*,6,1.28054674612279,-0.493576724462222,-4.46230559857925,0.00909727081875437,0.0504380331470179,68734,68739,6
scaffold_5,23295614,23296173,560,*,11,3.17499775278013,1.07686113654641,4.38621760617981,0.00979706088173548,0.0529766995827178,70436,70446,11
scaffold_14,9416378,9416430,53,*,11,3.0662377311023,0.765039776622136,4.38192833068962,0.00979706088173548,0.0529766995827178,38962,38972,11
scaffold_1,12638414,12638903,490,*,7,1.79771418410536,0.918797663579324,4.37247364051194,0.0104968509447166,0.0538915248502372,2598,2604,7
scaffold_1,2444076,2444291,216,*,5,1.12886261789099,-0.802468560650925,-4.34788367913125,0.0104968509447166,0.0538915248502372,350,354,5
scaffold_7,8924310,8924443,134,*,5,1.95775623712109,-0.920891132794364,-4.32039270675753,0.0104968509447166,0.0538915248502372,77521,77525,5
scaffold_13,8875372,8875393,22,*,5,0.714810683191731,0.837090621311688,4.26869527954508,0.0111966410076977,0.0538915248502372,32913,32917,5
scaffold_9,6778064,6778112,49,*,5,0.7332212526389,0.651525887444766,4.25509225175791,0.0111966410076977,0.0538915248502372,88832,88836,5
scaffold_13,9540443,9540570,128,*,5,1.73324146323602,1.1525584365027,4.24042631840632,0.0111966410076977,0.0538915248502372,33538,33542,5
scaffold_1,13313733,13313742,10,*,5,0.750463286370735,0.397338877410504,4.23697063427853,0.0111966410076977,0.0538915248502372,3485,3489,5
scaffold_8,11550875,11550907,33,*,9,1.19076144573777,-0.673387243147283,-4.225864220164,0.0111966410076977,0.0538915248502372,82846,82854,9
scaffold_12,17415336,17415372,37,*,6,0.696267316033527,-0.401167867486976,-4.20498146168669,0.0111966410076977,0.0538915248502372,27080,27085,6
scaffold_6,3778608,3778697,90,*,5,2.2546212284552,-1.09806879173333,-4.19960634689198,0.0111966410076977,0.0538915248502372,71516,71520,5
scaffold_5,18555003,18555436,434,*,9,1.62673123445707,0.490988027828,4.17144710582703,0.0118964310706788,0.0560283527844872,69416,69424,9
scaffold_8,11438444,11439017,574,*,7,0.769718868408918,0.462996349528901,4.17101107686201,0.0118964310706788,0.0560283527844872,82740,82746,7
scaffold_2,10151842,10151924,83,*,6,1.42249594578504,-0.55679605080136,-4.16629111108487,0.0125962211336599,0.0562973964953371,45326,45331,6
scaffold_11,22648051,22648089,39,*,8,1.46206467907479,0.761667778107805,4.14600339902692,0.0125962211336599,0.0562973964953371,22135,22142,8
scaffold_8,13608246,13608316,71,*,5,0.775235440440655,0.488369522627047,4.1349238695453,0.0125962211336599,0.0562973964953371,84656,84660,5
scaffold_5,5702644,5703029,386,*,5,1.85403346496049,0.962649108854848,4.09488658101946,0.0125962211336599,0.0562973964953371,67143,67147,5
scaffold_12,18849548,18850179,632,*,10,1.42009463576457,0.427237401549251,4.06555198462793,0.0125962211336599,0.0562973964953371,27813,27822,10
scaffold_6,13120584,13121557,974,*,6,0.869473206404488,0.452418157297153,4.04540453807359,0.013296011196641,0.0588247768093814,74116,74121,6
scaffold_12,14876843,14877563,721,*,8,1.50258958043937,0.548552185217241,3.98793525660224,0.0139958012596221,0.0613016095171449,26480,26487,8
scaffold_12,18758332,18758736,405,*,7,1.19733542140038,0.558687691892308,3.98114900601052,0.0146955913226032,0.063104598032355,27730,27736,7
scaffold_11,9245107,9245187,81,*,5,1.1003401987695,0.575202292620891,3.97990509591356,0.0146955913226032,0.063104598032355,12017,12021,5
scaffold_1,3743191,3743272,82,*,6,1.79840244033523,-0.927732575005783,-3.95807863394381,0.0153953813855843,0.0652748619858487,504,509,6
scaffold_764,231,267,37,*,5,3.0182440088499,-0.57656932128157,-3.9108852445609,0.0160951714485654,0.0652748619858487,80657,80661,5
scaffold_13,17973507,17973544,38,*,6,1.0516478160384,-0.684583766692745,-3.90133029132575,0.0160951714485654,0.0652748619858487,36589,36594,6
scaffold_3,9192923,9193440,518,*,6,1.30153685427888,0.7123278798358,3.88790633032857,0.0160951714485654,0.0652748619858487,51080,51085,6
scaffold_8,14918365,14918421,57,*,5,2.54829718762591,0.992209483982427,3.88726589851034,0.0160951714485654,0.0652748619858487,84991,84995,5
scaffold_6,9676085,9676159,75,*,8,0.846914168209428,0.380521788024679,3.88415289787305,0.0160951714485654,0.0652748619858487,72953,72960,8
scaffold_11,7048771,7048837,67,*,5,0.813499787598573,0.489262026166512,3.84010681580236,0.0174947515745276,0.0696609199058464,10208,10212,5
scaffold_8,16417385,16417586,202,*,6,1.72684474785089,0.685545134662914,3.83668426292587,0.0174947515745276,0.0696609199058464,85232,85237,6
scaffold_4,17968791,17968855,65,*,6,1.77670704793228,0.913143566543591,3.8199727082599,0.0181945416375087,0.0705239755506976,64865,64870,6
scaffold_11,24551538,24552143,606,*,6,2.68531515639503,0.887764955449623,3.8144189685356,0.0181945416375087,0.0705239755506976,22889,22894,6
scaffold_10,9363082,9363187,106,*,5,1.40243216955495,-0.888404597559984,-3.80100794321087,0.0181945416375087,0.0705239755506976,5244,5248,5
scaffold_16,1235359,1235424,66,*,5,0.926630044664807,-0.674550535499961,-3.79153947432186,0.0188943317004899,0.0707326263659364,42077,42081,5
scaffold_8,12272037,12272099,63,*,5,1.14181027693587,0.723020133613439,3.78972402277945,0.0188943317004899,0.0707326263659364,83965,83969,5
scaffold_5,8616437,8616458,22,*,6,0.650378751194627,-1.08858230967944,-3.7834280104885,0.0188943317004899,0.0707326263659364,67775,67780,6
scaffold_5,4738580,4739831,1252,*,16,2.4705005561336,0.44775539862087,3.78109074766716,0.0188943317004899,0.0707326263659364,66929,66944,16
scaffold_1,9213558,9213644,87,*,5,0.594202038835288,-0.425577281941346,-3.76508466394921,0.0202939118264521,0.0729781065680296,1427,1431,5
scaffold_12,22998944,22999007,64,*,5,2.80018095867585,-1.21523386727663,-3.76262440283088,0.0202939118264521,0.0729781065680296,28954,28958,5
scaffold_11,12741407,12741454,48,*,5,0.610681734245274,0.610775283267199,3.73327262130519,0.0209937018894332,0.0729781065680296,15618,15622,5
scaffold_1,12674529,12674869,341,*,5,0.864338996326284,-0.981019582285969,-3.72975498081858,0.0209937018894332,0.0729781065680296,2656,2660,5
scaffold_13,12355250,12355302,53,*,7,0.913838626132447,0.686828932870774,3.72943721164224,0.0209937018894332,0.0729781065680296,35294,35300,7
scaffold_11,22579574,22580339,766,*,11,1.87834570482854,0.597874452177998,3.72505476438209,0.0209937018894332,0.0729781065680296,21984,21994,11
scaffold_8,10282035,10282793,759,*,12,1.55346511102776,0.324263673566188,3.72123146453623,0.0209937018894332,0.0729781065680296,82359,82370,12
scaffold_8,1605941,1606334,394,*,6,2.94063665924443,0.973280445352798,3.69005389330246,0.0209937018894332,0.0729781065680296,80867,80872,6
scaffold_11,13262028,13262645,618,*,12,2.00349152992723,0.412624235276343,3.68998814867647,0.0209937018894332,0.0729781065680296,17863,17874,12
scaffold_9,9079793,9079899,107,*,5,0.674646187966359,-0.662541019670838,-3.67558473972295,0.0216934919524143,0.0748169250012398,89880,89884,5
scaffold_7,13034274,13034350,77,*,5,1.30631376304409,1.03249902809788,3.65717093310774,0.0230930720783765,0.0783554407362002,79261,79265,5
scaffold_12,18831050,18831090,41,*,5,1.29578348087041,0.698535857940553,3.64357000914429,0.0237928621413576,0.0783554407362002,27786,27790,5
scaffold_11,9070443,9071165,723,*,10,1.51013283611899,0.481349989693321,3.63931546581327,0.0237928621413576,0.0783554407362002,10902,10911,10
scaffold_14,12577254,12577348,95,*,6,1.08426172779301,0.490525206411078,3.60423050119527,0.0237928621413576,0.0783554407362002,39461,39466,6
scaffold_867,3264,3333,70,*,5,1.34060225745331,-0.837906205421886,-3.59757100300348,0.0237928621413576,0.0783554407362002,86949,86953,5
scaffold_4,19494101,19494434,334,*,10,2.24918300009813,0.936160627018014,3.59463385613709,0.0237928621413576,0.0783554407362002,65206,65215,10
scaffold_13,5534682,5534862,181,*,9,2.69290227822751,0.609276074763,3.58904307481916,0.0244926522043387,0.078816355093472,31013,31021,9
scaffold_16,361648,362008,361,*,6,0.858207471845572,0.525564633252238,3.57972964804667,0.0244926522043387,0.078816355093472,41590,41595,6
scaffold_12,14183286,14183342,57,*,7,0.843849318725315,0.558599090754101,3.56627876008171,0.0251924422673198,0.078816355093472,26304,26310,7
scaffold_11,4715198,4715350,153,*,10,1.4854080397177,0.370591083868821,3.56529298424181,0.0251924422673198,0.078816355093472,8699,8708,10
scaffold_8,8801382,8801739,358,*,8,3.28151170440382,0.656420525512747,3.55895941855432,0.0251924422673198,0.078816355093472,81833,81840,8
scaffold_13,4386475,4387594,1120,*,5,0.645385058766097,-0.432139445904002,-3.55667288242317,0.0251924422673198,0.078816355093472,30757,30761,5
scaffold_7,17853483,17853876,394,*,5,0.973768783960179,-0.603565555929114,-3.55535843748236,0.0251924422673198,0.078816355093472,80372,80376,5
scaffold_11,12439825,12440071,247,*,5,1.28692268646381,0.956773639976979,3.55312769162056,0.0258922323303009,0.0793062780466559,14072,14076,5
scaffold_8,4691800,4691869,70,*,7,1.62372467601091,-0.367943818054436,-3.54694977193189,0.0258922323303009,0.0793062780466559,81282,81288,7
scaffold_13,12041040,12042003,964,*,11,1.85364940606153,0.464130399980407,3.53825071775844,0.0258922323303009,0.0793062780466559,34627,34637,11
scaffold_11,19124269,19124301,33,*,5,0.715241012151695,0.727416917576161,3.52636783438229,0.0272918124562631,0.0802269386298204,20286,20290,5
scaffold_763,12330,12441,112,*,7,0.747946418978683,0.868631050493432,3.5243156019678,0.0272918124562631,0.0802269386298204,80629,80635,7
scaffold_6,10805449,10805706,258,*,7,1.32781303969359,0.598546240070907,3.51920539131215,0.0272918124562631,0.0802269386298204,73199,73205,7
scaffold_11,11978457,11978551,95,*,5,0.541846529347131,0.71583745841378,3.51919715560205,0.0272918124562631,0.0802269386298204,13409,13413,5
scaffold_4038,208,410,203,*,6,0.9853623955028,0.720479169784326,3.51014602611241,0.0272918124562631,0.0802269386298204,65442,65447,6
scaffold_6,11297587,11297813,227,*,5,1.34619653782113,-0.699148274547012,-3.50777091378236,0.0272918124562631,0.0802269386298204,73356,73360,5
scaffold_8,11568819,11568978,160,*,6,1.16379953062572,0.553235595763547,3.49862198061391,0.0279916025192442,0.0817354793561931,82885,82890,6
scaffold_11,9222477,9222524,48,*,5,1.16069238320132,0.515091293236015,3.46846508960446,0.0300909727081875,0.086709513461751,11910,11914,5
scaffold_7,13872737,13872771,35,*,5,1.54069429275228,0.85183620485051,3.45878375110548,0.0300909727081875,0.086709513461751,79516,79520,5
scaffold_11,12622248,12622559,312,*,9,1.43534266560554,0.519959476380971,3.45168486342677,0.0307907627711686,0.0875737278816355,14917,14925,9
scaffold_8,10130789,10131285,497,*,10,1.18170634470817,0.322549860563151,3.45061769194163,0.0307907627711686,0.0875737278816355,82187,82196,10
scaffold_8,11927582,11927664,83,*,6,0.854355858379388,0.316178392366419,3.43116693971368,0.032890132960112,0.0929411499130906,83374,83379,6
scaffold_2103,2295,3085,791,*,5,0.911705411825739,0.562270477138659,3.42950722170965,0.0335899230230931,0.0943101684879152,47424,47428,5
scaffold_3,2308441,2308617,177,*,5,1.10572280543512,-0.4324013623895,-3.4190151412385,0.0342897130860742,0.0956617473356719,49279,49283,5
scaffold_8,20242159,20242197,39,*,5,2.04990009626336,-0.877421667252472,-3.39662497390804,0.0349895031490553,0.0969962175904191,85788,85792,5
scaffold_13,8029782,8029863,82,*,7,0.965019339113881,-0.361901702594517,-3.39350702310039,0.0356892932120364,0.0983139020557984,31708,31714,7
scaffold_2,6370702,6370916,215,*,6,1.35741574645387,0.763796093478415,3.38214651947635,0.0363890832750175,0.0989963880401097,44123,44128,6
scaffold_12,2874573,2874641,69,*,5,0.650869767667713,0.40119769354943,3.38162600621785,0.0363890832750175,0.0989963880401097,24026,24030,5
scaffold_14,25465745,25465802,58,*,5,1.2576118126232,-0.987923358520952,-3.3470830867778,0.0405878236529041,0.10973744913563,41129,41133,5
scaffold_4556,3091,3184,94,*,6,1.20865861906726,0.548490696110587,3.32936510002967,0.0412876137158852,0.110944630721213,66052,66057,6
scaffold_10,8626783,8626826,44,*,6,0.825593267600537,-0.606272137864527,-3.32138049625507,0.0419874037788663,0.111457471849354,5068,5073,6
scaffold_9,3948681,3948838,158,*,6,0.752666851783899,0.340014100626443,3.32116904620213,0.0419874037788663,0.111457471849354,87907,87912,6
scaffold_9,6797285,6797337,53,*,6,0.949930555740364,0.44492707939171,3.30850379723994,0.0426871938418474,0.11195802935766,88892,88897,6
scaffold_4,17250540,17251660,1121,*,11,1.83211051127015,0.580241809542895,3.30750998575544,0.0426871938418474,0.11195802935766,64690,64700,11
scaffold_12,2594625,2594832,208,*,5,0.879347091067529,-0.742231066688026,-3.28898335661072,0.0454863540937719,0.117887710609894,23845,23849,5
scaffold_8,17424998,17425099,102,*,8,1.28063376224461,0.433396137602178,3.28829500147173,0.0454863540937719,0.117887710609894,85312,85319,8
scaffold_7,8356952,8358863,1912,*,5,1.45895712358475,0.73957726006784,3.27820207190857,0.0468859342197341,0.12080023051908,77474,77478,5
scaffold_8,2550647,2550680,34,*,6,0.777526374218504,0.680201793588158,3.25314855328716,0.0503848845346396,0.129056020036094,80965,80970,6
scaffold_8,19946358,19946415,58,*,6,0.70164686022016,-0.350875033524033,-3.24656017804001,0.0517844646606018,0.131360591822453,85634,85639,6
scaffold_11,13122096,13124674,2579,*,10,1.40836627169994,0.436071766257989,3.24115202144115,0.0524842547235829,0.131360591822453,17463,17472,10
scaffold_5,23299890,23300087,198,*,5,0.788266253735861,-0.623959939443307,-3.23892267544216,0.0524842547235829,0.131360591822453,70449,70453,5
scaffold_11,9047889,9048770,882,*,5,0.9051064818486,0.677415483845794,3.23817464462595,0.0524842547235829,0.131360591822453,10836,10840,5
scaffold_1,9661768,9661819,52,*,10,2.27162992968199,-0.536957239891156,-3.23068758810228,0.0538838348495451,0.132086340948544,1461,1470,10
scaffold_11,12687586,12687673,88,*,6,0.852242377504898,0.668647355559239,3.2149196408278,0.0545836249125262,0.132086340948544,15221,15226,6
scaffold_11,20330717,20330761,45,*,5,0.638807902040634,-0.327070202544585,-3.21070805343173,0.0545836249125262,0.132086340948544,21230,21234,5
scaffold_11,9094107,9094144,38,*,6,0.898776870929337,0.453770623951296,3.19858956676059,0.0545836249125262,0.132086340948544,11210,11215,6
scaffold_9,10197567,10197858,292,*,10,1.21335103268994,-0.42328156268284,-3.19578467310268,0.0545836249125262,0.132086340948544,90221,90230,10
scaffold_3,1751474,1751645,172,*,7,0.744800902967376,0.491440206905568,3.19266087132194,0.0545836249125262,0.132086340948544,49086,49092,7
scaffold_13,1148472,1148515,44,*,7,1.06841325335666,-0.496885817371162,-3.18341392920208,0.0559832050384885,0.134728812125593,29632,29638,7
scaffold_10,866583,866621,39,*,5,0.817687005824757,0.584399155677317,3.16774197543962,0.0580825752274318,0.139017311200083,3964,3968,5
scaffold_4,11663996,11664058,63,*,5,1.13584213478711,0.556488698130811,3.15069917330111,0.0601819454163751,0.141718774690174,62999,63003,5
scaffold_14,19280051,19280283,233,*,8,1.56818389890493,-0.711426812419653,-3.14999871697389,0.0601819454163751,0.141718774690174,40507,40514,8
scaffold_13,11674076,11674132,57,*,5,0.674287369007431,0.455568564675765,3.14920620384749,0.0601819454163751,0.141718774690174,33987,33991,5
scaffold_132,4408,4586,179,*,5,0.929106246317213,0.604080166466691,3.12093799729067,0.0608817354793562,0.14184149010616,37008,37012,5
scaffold_14,14140085,14140967,883,*,5,0.725439661658009,0.553019467227097,3.11849956647122,0.0608817354793562,0.14184149010616,39681,39685,5
scaffold_12,22087433,22087481,49,*,5,1.85957107853007,-0.945534619924198,-3.11258134332933,0.0622813156053184,0.144334477434547,28774,28778,5
scaffold_3,6793026,6793214,189,*,5,0.673093297049321,0.556318483706825,3.09159191253656,0.0643806857942617,0.148414423041509,50558,50562,5
scaffold_12,11729388,11729416,29,*,5,0.651643625902292,-0.526377856587962,-3.08263141077722,0.0657802659202239,0.1508468925291,25493,25497,5
scaffold_11,13250039,13250698,660,*,5,0.658856823353192,0.222737754761032,3.07617744304987,0.0671798460461861,0.153254023792862,17822,17826,5
scaffold_7,8123539,8123595,57,*,5,0.733031802802213,0.516125038003271,3.06647935530152,0.0699790062981106,0.158812459888976,77121,77125,5
scaffold_2,9245143,9245225,83,*,6,1.04038041796845,-0.682016825624657,-3.05473867774148,0.0720783764870539,0.162542146446975,44925,44930,6
scaffold_3264,2701,2780,80,*,6,0.778909870239746,0.500385745451275,3.04878508719695,0.072778166550035,0.162542146446975,53437,53442,6
scaffold_14,12142285,12142416,132,*,5,0.763265912234668,0.433447951073395,3.03497670004362,0.0734779566130161,0.162542146446975,39405,39409,5
scaffold_11,8949895,8950594,700,*,5,0.853842813002738,1.14250180174127,3.03332021707114,0.0734779566130161,0.162542146446975,10398,10402,5
scaffold_369,10589,10636,48,*,5,0.950346278078179,0.561630936015954,3.03132449261655,0.0734779566130161,0.162542146446975,54281,54285,5
scaffold_11,4716042,4716089,48,*,5,0.610198197285057,0.518028756826377,2.99824747277494,0.0762771168649405,0.16704688593422,8717,8721,5
scaffold_14,19690971,19691935,965,*,6,1.26784136119128,-0.484684068104613,-2.9975615759787,0.0762771168649405,0.16704688593422,40552,40557,6
scaffold_11,9243919,9243966,48,*,5,0.571967158512921,0.638610454619614,2.97793342583126,0.0783764870538838,0.170790553878613,12012,12016,5
scaffold_16,80181,80238,58,*,5,2.60979394529573,1.19879536418601,2.95101738803363,0.079776067179846,0.171108861516302,41519,41523,5
scaffold_4,11716551,11716613,63,*,6,0.776996710165684,0.42723943029038,2.95044052948139,0.079776067179846,0.171108861516302,63088,63093,6
scaffold_3,13274814,13274934,121,*,6,1.29441178059761,0.670797080815395,2.95020142487042,0.079776067179846,0.171108861516302,52054,52059,6
scaffold_11,5039933,5040937,1005,*,7,0.867789379978559,0.504744209546577,2.93521343809694,0.0804758572428271,0.171108861516302,9269,9275,7
scaffold_1,10132333,10132395,63,*,6,0.635380624444423,0.435938560273163,2.92614503311414,0.0804758572428271,0.171108861516302,1802,1807,6
scaffold_9,13307844,13308800,957,*,6,1.61377648414418,-1.01073649261662,-2.92344506390011,0.0811756473058083,0.171585844820716,90739,90744,6
scaffold_34,58073,58126,54,*,5,0.950222889901387,-0.476042417643173,-2.91744002866935,0.0818754373687894,0.171585844820716,53737,53741,5
scaffold_10,5650900,5650972,73,*,5,1.19118731820918,-0.537662270673106,-2.91696731735862,0.0818754373687894,0.171585844820716,4566,4570,5
scaffold_1,5959290,5959430,141,*,5,0.634200030324573,0.609415460227992,2.88440430654454,0.0874737578726382,0.180724084661394,726,730,5
scaffold_8,11445864,11446382,519,*,8,1.38826592672602,0.758866897472445,2.88396517407768,0.0874737578726382,0.180724084661394,82798,82805,8
scaffold_2,16816036,16816126,91,*,6,0.707063645987123,0.310972331456093,2.88313184412156,0.0874737578726382,0.180724084661394,47034,47039,6
scaffold_11,6811120,6811157,38,*,5,0.553303631646932,0.464753812787894,2.88151660165753,0.0881735479356193,0.181314619698597,10001,10005,5
scaffold_2,7804789,7805081,293,*,5,0.636007885520836,-0.482214539338965,-2.86024859333088,0.0916724982505248,0.187628758101542,44433,44437,5
scaffold_11,19387502,19387730,229,*,7,0.89584622758252,0.309459527795155,2.85263078513872,0.0937718684394682,0.191032922681335,20684,20690,7
scaffold_7,5071131,5071195,65,*,5,0.887279235221142,-0.561064320176867,-2.83332786458039,0.0986703988803359,0.200081642174014,76581,76585,5
scaffold_23,189843,189995,153,*,5,0.657308153678889,0.444570053619672,2.8192952664198,0.103568929321204,0.209046963330356,47671,47675,5
scaffold_1,10237339,10237389,51,*,5,1.37383426283527,-0.570345673060536,-2.8002589961633,0.107067879636109,0.214135759272218,1881,1885,5
scaffold_1,544061,544191,131,*,5,1.6721634416995,0.683177235398786,2.79871638020341,0.107067879636109,0.214135759272218,81,85,5
scaffold_7,2316501,2317042,542,*,5,3.50210941207408,0.583367127824322,2.78721948020853,0.108467459762071,0.215384033438617,76244,76248,5
scaffold_4,4471119,4471199,81,*,5,0.589449294874029,0.4009518360797,2.78390080185756,0.109167249825052,0.215384033438617,55740,55744,5
scaffold_2,4592521,4593518,998,*,5,0.899804122644881,0.594644554597112,2.78370651157392,0.109167249825052,0.215384033438617,43626,43630,5
scaffold_2,10151141,10151163,23,*,5,0.615045510519645,0.439441365378698,2.77406316867706,0.111966410076977,0.217961278283182,45321,45325,5
scaffold_9,1708594,1708633,40,*,5,0.82063216226075,-0.775483109108447,-2.77333720941487,0.111966410076977,0.217961278283182,87326,87330,5
scaffold_7,12038643,12038707,65,*,5,0.73717701061019,0.362318829785246,2.77213634260581,0.111966410076977,0.217961278283182,78631,78635,5
scaffold_11,11932051,11932138,88,*,8,1.21162282450787,0.348623124185224,2.7705918783991,0.113365990202939,0.218169483652721,13271,13278,8
scaffold_750,4500,5039,540,*,6,0.812634439235656,0.621340243864288,2.76913668121082,0.11406578026592,0.218169483652721,80531,80536,6
scaffold_2,7015023,7015158,136,*,6,0.656117470345851,0.384992588148039,2.76887596068249,0.11406578026592,0.218169483652721,44255,44260,6
scaffold_10,11844784,11844867,84,*,5,0.56132481916461,0.565734309128984,2.76613333881382,0.11406578026592,0.218169483652721,5900,5904,5
scaffold_10,12507968,12508042,75,*,5,1.14696368053256,0.416865836262324,2.74987726402642,0.116864940517845,0.222551495420939,6073,6077,5
scaffold_4474,4043,4090,48,*,5,0.850932655818215,0.499136943377569,2.7405374820206,0.118264520643807,0.22327525880167,65986,65990,5
scaffold_10,5811250,5811418,169,*,7,0.938670817846418,0.479166689607801,2.74001461571665,0.118264520643807,0.22327525880167,4589,4595,7
scaffold_9,7059721,7061488,1768,*,6,2.07280323332658,-0.551956782729214,-2.73346334990542,0.121063680895731,0.227578936619443,89353,89358,6
scaffold_3579,761,797,37,*,5,0.902078921622431,0.578521399286609,2.73020613188238,0.122463261021693,0.229226103963683,54058,54062,5
scaffold_11,22452462,22452509,48,*,5,0.535795446072766,0.63807334744967,2.71194452387029,0.128061581525542,0.238684990247607,21735,21739,5
scaffold_13,12302800,12302904,105,*,7,0.933116584826666,0.425397347454715,2.70414295912107,0.129461161651505,0.239539902735062,35153,35159,7
scaffold_11,13428143,13428181,39,*,8,1.02327686280868,0.34399564058125,2.70292432879006,0.130160951714486,0.239539902735062,18531,18538,8
scaffold_8,2028046,2028072,27,*,5,1.25669937449995,-0.633769585496058,-2.70068763412542,0.130160951714486,0.239539902735062,80932,80936,5
scaffold_8,9225300,9225367,68,*,5,1.01016624259488,0.522812965271659,2.69201853958353,0.132260321903429,0.242385025078251,81995,81999,5
scaffold_7,8212051,8212096,46,*,5,1.1649829513169,0.756404581049745,2.69119894964614,0.13296011196641,0.242652204338698,77273,77277,5
scaffold_13,11971601,11971750,150,*,8,1.0204025717416,0.488530845503914,2.65007851540265,0.143456962911127,0.259645246921791,34476,34483,8
scaffold_13,12240934,12241029,96,*,5,0.66243167924681,-0.530604455107783,-2.64728837024123,0.143456962911127,0.259645246921791,34988,34992,5
scaffold_16,542767,542829,63,*,5,1.16126709569402,0.626697794245317,2.64104702823719,0.144856543037089,0.261099447943395,41652,41656,5
scaffold_11,13251579,13251882,304,*,5,0.607900369544947,0.476378122861724,2.63809448233863,0.146256123163051,0.262014943903926,17829,17833,5
scaffold_11,12724099,12724165,67,*,9,1.36690858253812,0.326153521622012,2.62832875882518,0.147655703289013,0.262014943903926,15456,15464,9
scaffold_12,13705301,13705339,39,*,8,1.30227551016934,0.420780220052504,2.62830407463926,0.147655703289013,0.262014943903926,25929,25936,8
scaffold_915,3336,3374,39,*,6,1.31183270001899,0.546848131543313,2.62385810640749,0.148355493351994,0.262014943903926,91007,91012,6
scaffold_6,12932365,12933084,720,*,5,0.630666245886671,0.4375759437634,2.61636504026676,0.148355493351994,0.262014943903926,73937,73941,5
scaffold_7,3855544,3855658,115,*,6,1.28349991153911,-0.573228262755337,-2.60659694977673,0.149755073477957,0.263424587081707,76455,76460,6
scaffold_1,12227425,12227439,15,*,5,0.700064210704374,-0.388457088987895,-2.60467876865535,0.151154653603919,0.264822953114066,2312,2316,5
scaffold_165,1519,1957,439,*,5,0.58342778215689,0.309805084262705,2.59192135575828,0.152554233729881,0.266210176787601,42260,42264,5
scaffold_12,2956104,2956168,65,*,5,0.698391114067834,0.461103782356461,2.55335359551863,0.160251924422673,0.277149039196287,24076,24080,5
scaffold_1,3198005,3198047,43,*,5,2.34262850860121,0.963771229844449,2.54980380692443,0.160951714485654,0.277149039196287,461,465,5
scaffold_11,4668826,4668849,24,*,5,0.558694771722349,0.512927429806927,2.54469169242387,0.161651504548635,0.277149039196287,8588,8592,5
scaffold_5,19933293,19933319,27,*,5,0.648891672756046,0.454857442818153,2.54331308677946,0.161651504548635,0.277149039196287,69769,69773,5
scaffold_11,4849348,4849814,467,*,6,0.837096866419489,0.548327961715678,2.53554653327764,0.162351294611617,0.277149039196287,8944,8949,6
scaffold_11,12339258,12339314,57,*,6,0.991509091485052,0.506008764538211,2.53123128877206,0.163750874737579,0.277149039196287,13931,13936,6
scaffold_9,2229988,2230060,73,*,5,0.915200827333903,0.405685672149693,2.52847424852445,0.16445066480056,0.277149039196287,87409,87413,5
scaffold_5,18611929,18612628,700,*,5,0.632639684409221,-0.400651884702899,-2.52711178230844,0.165150454863541,0.277149039196287,69435,69439,5
scaffold_12,18908005,18908125,121,*,7,0.939473521466374,0.362767633324659,2.52666001631801,0.165150454863541,0.277149039196287,27921,27927,7
scaffold_3621,4128,4275,148,*,5,0.856203490472149,0.381104459237249,2.52524214562017,0.165150454863541,0.277149039196287,54135,54139,5
scaffold_2,13226038,13226111,74,*,10,1.19712821203192,0.304742123221378,2.51791544626601,0.167249825052484,0.279600852568657,46067,46076,10
scaffold_8,20399182,20399419,238,*,6,0.691345172409388,0.35797315025516,2.49895327521388,0.167949615115465,0.279703161294958,85820,85825,6
scaffold_10,995727,995773,47,*,5,1.39604461510772,-0.639622814460052,-2.49413117327414,0.169349195241428,0.279905462323567,4000,4004,5
scaffold_11,12064712,12064822,111,*,6,1.16075758005652,0.40488058589229,2.49245248473093,0.169349195241428,0.279905462323567,13572,13577,6
scaffold_3,6378485,6378522,38,*,6,1.23667872803992,-0.42100276011307,-2.48202510176244,0.174247725682295,0.286919187401674,50384,50389,6
scaffold_7,7503017,7503333,317,*,6,0.981560689465201,-0.383829626707874,-2.46557654881901,0.17704688593422,0.290436464566248,77008,77013,6
scaffold_10,9394709,9395023,315,*,5,0.972912986849847,-0.479880699095833,-2.46076252576581,0.178446466060182,0.291640119904327,5259,5263,5
scaffold_2,7720165,7720290,126,*,5,1.60748802128958,0.68825607461755,2.4485925765675,0.181945416375087,0.296253131495496,44398,44402,5
scaffold_5,12979264,12979499,236,*,5,0.657412144347276,-0.416596287863838,-2.44362949644605,0.184744576627012,0.299696757639375,68563,68567,5
scaffold_2,4042453,4042479,27,*,5,0.738034638705752,0.393651480068612,2.44355097928142,0.185444366689993,0.299721891550616,43442,43446,5
scaffold_6,12952934,12953592,659,*,8,1.27545077631418,-0.424963064271764,-2.44004270599514,0.186144156752974,0.299746840653686,73950,73957,8
scaffold_13,11873000,11873227,228,*,5,1.01491357663,0.532684226661421,2.43672169359557,0.186843946815955,0.299771606979445,34250,34254,5
scaffold_4,7660305,7660387,83,*,5,0.698580317634317,0.373055696656616,2.42613202021005,0.188943317004899,0.302033477547976,57085,57089,5
scaffold_11,12825344,12825533,190,*,6,0.890298682084912,0.419393426318494,2.42079916386165,0.18964310706788,0.30204974871175,16060,16065,6
scaffold_11,12551181,12551227,47,*,5,0.5325523865837,0.337773704598663,2.40481698316375,0.191742477256823,0.304286974777132,14551,14555,5
scaffold_6,12902437,12902560,124,*,7,0.748186930965235,-0.356411437238187,-2.37524464334252,0.20223932820154,0.317377127287346,73742,73748,7
scaffold_10,11843655,11843767,113,*,6,0.946351010862744,0.313227839133465,2.37514699572892,0.20223932820154,0.317377127287346,5894,5899,6
scaffold_12,13963188,13963351,164,*,5,0.876743170355934,0.322456603959276,2.37378445625561,0.20223932820154,0.317377127287346,26229,26233,5
scaffold_6,1406509,1406573,65,*,5,0.837864623254376,0.337257039126988,2.36949112072439,0.202939118264521,0.317377127287346,71084,71088,5
scaffold_8,15292652,15293885,1234,*,5,0.830361370527478,-0.341566242504471,-2.36420021173209,0.204338698390483,0.317377127287346,85111,85115,5
scaffold_8,11875459,11875915,457,*,6,0.89203039255696,0.300588200694076,2.36234043594304,0.204338698390483,0.317377127287346,83330,83335,6
scaffold_1933,5184,5269,86,*,5,0.560610003057657,-0.751619096929979,-2.35653881449823,0.206438068579426,0.31945909184991,42811,42815,5
scaffold_11,9141910,9141972,63,*,5,0.611725198386775,-0.541008436719361,-2.34778667344645,0.207137858642407,0.31945909184991,11656,11660,5
scaffold_5,11320345,11320417,73,*,5,0.916388340416972,0.360304110769008,2.34274175037439,0.209237228831351,0.321564583256602,68262,68266,5
scaffold_11,12059813,12059964,152,*,6,0.660591721462833,0.466948617950494,2.33056404469403,0.211336599020294,0.323655350947163,13563,13568,6
scaffold_4,2129655,2129695,41,*,6,0.851370985831769,0.472769774346327,2.31237027411492,0.218334499650105,0.332050384884535,55308,55313,6
scaffold_14,21548838,21548878,41,*,5,1.43912294559896,0.675390649932247,2.31080336235459,0.218334499650105,0.332050384884535,40805,40809,5
scaffold_7,271005,271912,908,*,6,1.19661325450991,0.471963126084333,2.30775241330989,0.220433869839048,0.334083166053644,76087,76092,6
scaffold_12,22748671,22749421,751,*,6,1.06419496805676,0.518054722602626,2.29853074699453,0.222533240027992,0.336101928042277,28866,28871,6
scaffold_2,13307929,13308039,111,*,6,1.08676814877784,-0.583659842512574,-2.2789064670648,0.230230930720784,0.346533153456025,46125,46130,6
scaffold_12,18886951,18887039,89,*,5,0.521724109026232,0.304476114990583,2.26001823936146,0.233030090972708,0.349545136459062,27879,27883,5
scaffold_1,1600810,1600848,39,*,5,1.20026442642212,-0.866924316554591,-2.24975117827311,0.236529041287614,0.352380000285629,201,205,5
scaffold_11,19035319,19035702,384,*,9,1.25439394404705,0.38014435605831,2.24852103581556,0.236529041287614,0.352380000285629,20117,20125,9
scaffold_14,5274709,5274910,202,*,5,1.43569190596985,-0.642222618461262,-2.24162339047099,0.237928621413576,0.353263512471682,38123,38127,5
scaffold_11,13044366,13044527,162,*,6,0.675010075002874,0.344778736710403,2.22174891439238,0.245626312106368,0.363460556427666,17166,17171,6
scaffold_4,9510171,9510207,37,*,5,0.965587095506016,-0.572248181278641,-2.19984686955186,0.251224632610217,0.369249627796225,62019,62023,5
scaffold_11,12761878,12761964,87,*,6,0.949432952100574,-0.387254199163111,-2.19887117416725,0.251224632610217,0.369249627796225,15739,15744,6
scaffold_7,10854214,10854546,333,*,6,0.708701883647645,0.305094236600794,2.18643149593968,0.254723582925122,0.37314023184349,78150,78155,6
scaffold_11,19458598,19458636,39,*,6,0.95113763878597,0.410928243977034,2.18423802938177,0.256123163051085,0.373939818054584,20946,20951,6
scaffold_3,1820681,1821472,792,*,6,0.965809841075912,0.686557670533204,2.16784805632552,0.262421273617915,0.381862185530387,49136,49141,6
scaffold_1,2096091,2096156,66,*,5,1.23295914714256,-0.938328667124953,-2.15121540675767,0.265220433869839,0.384657450446985,289,293,5
scaffold_8,12595691,12595737,47,*,5,1.63083644981536,0.531297333339812,2.14743736815609,0.268019594121763,0.386159809951751,84155,84159,5
scaffold_1153,6273,6342,70,*,5,0.826255787625359,0.305848579177791,2.14561484171388,0.268019594121763,0.386159809951751,23267,23271,5
scaffold_2,13840428,13840718,291,*,5,1.51296970203149,0.470783457359777,2.13777857855038,0.27221833449965,0.390923378724088,46518,46522,5
scaffold_4,10137845,10137891,47,*,5,0.741408383082172,0.602918088256613,2.13350355805941,0.273617914625612,0.391649171915092,62244,62248,5
scaffold_5,21377244,21377345,102,*,5,0.588561427888066,-0.319028104143563,-2.12642536136377,0.275017494751575,0.392370236811693,70074,70078,5
scaffold_9,7619879,7619919,41,*,6,1.3286656094646,0.703591984912933,2.11966512743613,0.277116864940518,0.39408177546736,89493,89498,6
scaffold_3948,1443,1510,68,*,5,0.63264577757379,0.238567119719266,2.08118842358478,0.289713086074178,0.410661267639126,54741,54745,5
scaffold_523,9413,9443,31,*,6,1.3209759493548,0.533291135157152,2.07159049738475,0.293212036389083,0.413589384723045,70792,70797,6
scaffold_3580,512,734,223,*,5,1.02864797537087,0.420027676641391,2.07084029677178,0.293911826452064,0.413589384723045,54074,54078,5
scaffold_11,19543637,19543714,78,*,5,0.643077687376813,0.703469845617351,2.0666848810019,0.294611616515045,0.413589384723045,21083,21087,5
scaffold_11,10863838,10864301,464,*,6,0.699452224443511,-0.429549059790983,-2.04675887120376,0.3037088873338,0.423644881057976,12675,12680,6
scaffold_11,6676796,6677279,484,*,6,0.687780971494385,0.348103129193416,2.04393972789057,0.3037088873338,0.423644881057976,9856,9861,6
scaffold_2,3301632,3301673,42,*,5,0.736347252279636,0.391603842587183,2.04101051690486,0.305108467459762,0.424246059515479,43298,43302,5
scaffold_11,9284642,9284786,145,*,7,0.778394843951704,0.304746555994948,2.0341245757509,0.306508047585724,0.424843433046036,12204,12210,7
scaffold_3,13535523,13535802,280,*,5,0.668666750180064,0.3112046071732,2.02529687463556,0.31000699790063,0.427573922180713,52188,52192,5
scaffold_4,11373147,11373203,57,*,5,0.776586368818669,0.36407602003591,2.02092075869221,0.311406578026592,0.427573922180713,62857,62861,5
scaffold_3,703983,704086,104,*,6,1.51242554803725,0.239123344672766,2.02074276724106,0.311406578026592,0.427573922180713,48618,48623,6
scaffold_13,12247576,12247638,63,*,6,0.675885902035876,0.417548418257002,1.9928587230274,0.319804058782365,0.437731805458362,35019,35024,6
scaffold_11,13034663,13034822,160,*,10,1.44016928552811,0.298193225395749,1.95179535437,0.33519944016795,0.457374937051595,17132,17141,10
scaffold_11,3728743,3728789,47,*,6,0.799483191988449,-0.28243226780033,-1.94198518947168,0.340097970608817,0.462134424688073,8142,8147,6
scaffold_2649,2720,3055,336,*,10,2.38936530392987,-0.625706248328014,-1.93956729474905,0.340797760671798,0.462134424688073,48348,48357,10
scaffold_8,5319582,5319714,133,*,5,0.647662930361712,-0.331051115217991,-1.92674024827925,0.343596920923723,0.464492133841329,81359,81363,5
scaffold_2626,3631,3752,122,*,8,0.985640188185032,0.22187753281472,1.91676930320281,0.347095871238628,0.467778435700059,48284,48291,8
scaffold_1,13364794,13364822,29,*,8,2.20623678932961,0.113310312745523,1.897897923557,0.351994401679496,0.472924993667544,3535,3542,8
scaffold_11,13108756,13108803,48,*,5,0.508622859653185,0.360022978330887,1.89520302041755,0.354793561931421,0.475228073779701,17421,17425,5
scaffold_4,12163393,12163407,15,*,5,0.956541140961358,-0.785187430637961,-1.88861749138149,0.356193142057383,0.475648159210773,63401,63405,5
scaffold_10,2579662,2579826,165,*,5,0.852351438289344,-0.361155346632933,-1.88001981591869,0.357592722183345,0.476065690931019,4246,4250,5
scaffold_11,8989980,8990071,92,*,6,0.647109087102626,0.481610418380764,1.87811810417983,0.358992302309307,0.47648069215599,10636,10641,6
scaffold_3,9297892,9297981,90,*,7,1.1801833326978,-0.26440630299114,-1.85019581006067,0.365290412876137,0.481786601744028,51125,51131,7
scaffold_15,1450073,1450137,65,*,5,0.693032349732778,0.46853143127287,1.84600340920231,0.365990202939118,0.481786601744028,41271,41275,5
scaffold_13,12118297,12118401,105,*,5,0.656742713455529,0.227881205266984,1.83838621927361,0.36738978306508,0.481786601744028,34685,34689,5
scaffold_11,10006450,10006841,392,*,5,0.63415853006935,-0.348280491124929,-1.83422428782061,0.36738978306508,0.481786601744028,12309,12313,5
scaffold_8,12911981,12911997,17,*,5,0.745835528676035,0.289282799268497,1.8277082767631,0.370188943317005,0.483479956013196,84427,84431,5
scaffold_5,4403172,4403221,50,*,6,0.694578427213137,0.477876603152394,1.8262264425683,0.370888733379986,0.483479956013196,66814,66819,6
scaffold_12,9789577,9789693,117,*,6,1.08424180713392,0.395334909735127,1.82294323929252,0.37368789363191,0.485683375106162,25045,25050,6
scaffold_13,5845860,5845873,14,*,5,1.46969923749975,-0.744376690439359,-1.79492332029148,0.384184744576627,0.497848870191014,31073,31077,5
scaffold_7,5551668,5551979,312,*,5,1.52151401391928,-0.379759950334717,-1.7840776713156,0.389783065080476,0.503613517714597,76702,76706,5
scaffold_11,4697786,4697903,118,*,8,0.840252733082622,0.26866093949871,1.77536160344935,0.393282015395381,0.50663977277405,8627,8634,8
scaffold_2,13268277,13268388,112,*,5,0.772850706168358,0.316191979231187,1.75917654446926,0.402379286214136,0.515004800885316,46096,46100,5
scaffold_1,10082205,10082264,60,*,5,0.905337861733888,0.418760575697863,1.75849549375925,0.403079076277117,0.515004800885316,1719,1723,5
scaffold_4,11735343,11735405,63,*,6,0.870754294112235,0.419401991293421,1.75418847845412,0.404478656403079,0.515004800885316,63116,63121,6
scaffold_4,4795705,4795816,112,*,5,0.830032798422869,-0.237083291422246,-1.75112707857385,0.404478656403079,0.515004800885316,55820,55824,5
scaffold_2484,1200,1238,39,*,5,1.69016971329653,0.46340800474718,1.7412351417836,0.410776766969909,0.52150789545745,47934,47938,5
scaffold_17,1181155,1181376,222,*,5,2.28699497540627,0.427237863749617,1.73229660383101,0.416375087473758,0.527087538478341,42482,42486,5
scaffold_11,24241320,24241351,32,*,6,1.67813117822109,-0.239924747794685,-1.7221867089596,0.419174247725682,0.528704425921507,22754,22759,6
scaffold_11,13088011,13088033,23,*,5,0.597582642290667,0.260393952148164,1.71649531789051,0.420573827851644,0.528704425921507,17368,17372,5
scaffold_11,22810545,22810684,140,*,9,1.39125984476506,0.342761461269909,1.71421260986743,0.421273617914626,0.528704425921507,22533,22541,9
scaffold_11,17304069,17304151,83,*,6,0.730294624846405,-0.287616754864544,-1.68741649982248,0.440867739678097,0.551015891813653,19644,19649,6
scaffold_13,11736218,11736280,63,*,5,0.636521444902659,0.318898305734076,1.68526610952149,0.441567529741078,0.551015891813653,34107,34111,5
scaffold_2,13396699,13396762,64,*,9,1.46025701347489,0.502138144472224,1.68128276443741,0.443666899930021,0.552062790253833,46175,46183,9
scaffold_8,12035609,12035659,51,*,5,0.729457970146066,-0.399678591092066,-1.67688336509153,0.448565430370889,0.556576936267562,83484,83488,5
scaffold_9,1627870,1628181,312,*,5,0.731364624319397,-0.352862579734218,-1.67387039005753,0.450664800559832,0.557602210862165,87289,87293,5
scaffold_10,14576426,14576474,49,*,5,0.700790707555158,-0.246489120416701,-1.6692605957202,0.452064380685794,0.557758306310924,7025,7029,5
scaffold_11,4787228,4787283,56,*,5,0.721624882462048,0.368911439737972,1.64902735495422,0.463960811756473,0.570828189745324,8796,8800,5
scaffold_10,7074904,7074933,30,*,5,0.741125585329083,-0.586590803918103,-1.63652898588716,0.467459762071379,0.57352206102875,4743,4747,5
scaffold_4,10228413,10228482,70,*,5,0.719489666274232,-0.230819260116337,-1.63339740213381,0.468859342197341,0.573632379559875,62291,62295,5
scaffold_11,13456482,13456514,33,*,5,0.516715507200237,0.290853769471214,1.62364238976669,0.472358292512246,0.57630343209015,18598,18602,5
scaffold_1,1394035,1394589,555,*,6,1.65566994296714,0.361850096018265,1.61012835155107,0.475857242827152,0.577454387992994,171,176,6
scaffold_2,8916529,8916945,417,*,5,5.89952959020539,-0.333807251837216,-1.60540806920712,0.476557032890133,0.577454387992994,44851,44855,5
scaffold_4,2944007,2944117,111,*,6,0.955642553310508,-0.174852606798693,-1.60273909820018,0.477256822953114,0.577454387992994,55423,55428,6
scaffold_13,11360664,11360719,56,*,7,0.857486023452737,-0.432040270390387,-1.58017703059946,0.485654303708887,0.585996101995848,33872,33878,7
scaffold_5,20548991,20549931,941,*,5,1.51415174535002,0.586190863873805,1.5636371101701,0.489853044086774,0.58943855304947,69894,69898,5
scaffold_9,6513290,6513334,45,*,5,0.572254133736049,-0.289485933524862,-1.53321190084595,0.501749475157453,0.602099370188943,88495,88499,5
scaffold_13,18389052,18389106,55,*,7,1.33666332384444,-0.371365539914068,-1.52151269808016,0.509447165850245,0.609666280443736,36644,36650,7
scaffold_10,6909264,6909868,605,*,5,1.15788743801375,-0.381170686318106,-1.51151475282197,0.516445066480056,0.616356782338595,4722,4726,5
scaffold_7,3428602,3428744,143,*,6,1.89929126730707,0.247942621088513,1.49789966369521,0.521343596920924,0.618830610979308,76363,76368,6
scaffold_7,10902835,10903400,566,*,5,0.59295075064399,-0.244311765524814,-1.49775794633642,0.521343596920924,0.618830610979308,78200,78204,5
scaffold_8,12502804,12502920,117,*,5,2.6896642008239,-0.245761560683062,-1.48975552406148,0.524142757172848,0.620451600368946,84102,84106,5
scaffold_6,9203538,9204110,573,*,5,1.367208737659,0.306188661092733,1.4865769948239,0.52554233729881,0.620451600368946,72837,72841,5
scaffold_12,13763447,13764013,567,*,7,0.821884339524311,0.24487239047815,1.47831222521564,0.530440867739678,0.624551344274137,25982,25988,7
scaffold_14,20415966,20416004,39,*,6,1.43046658578217,-0.368899475832943,-1.4676105271195,0.537438768369489,0.631094317817255,40638,40643,6
scaffold_8,15274682,15274746,65,*,6,0.615187872681147,0.111739743334899,1.44548403522027,0.545136459062281,0.638421842431228,85074,85079,6
scaffold_10,1886180,1886207,28,*,5,0.773056172963425,-0.273571876328082,-1.42021514076503,0.555633310006998,0.648884058186799,4110,4114,5
scaffold_5,22984471,22984518,48,*,5,1.5855965632602,0.404325683745803,1.41455872094089,0.55703289013296,0.648884058186799,70337,70341,5
scaffold_6,16035576,16036108,533,*,5,0.637144384261149,-0.326505855828614,-1.41090358148066,0.559132260321903,0.649601936395209,75098,75102,5
scaffold_11,19032398,19032457,60,*,6,1.09441923042062,0.256745849484374,1.4054231346254,0.562631210636809,0.651937752007731,20101,20106,6
scaffold_4,11855869,11855925,57,*,6,0.860107576265634,0.305062783497332,1.39610680512965,0.568229531140658,0.656687426489731,63260,63265,6
scaffold_2626,6481,6582,102,*,5,0.631232869332652,-0.174052707018457,-1.37683036635091,0.578726382085374,0.667058303561563,48336,48340,5
scaffold_7,13384303,13384368,66,*,7,0.725976842670508,-0.203981095891549,-1.37347859607672,0.580825752274318,0.667720943559452,79354,79360,7
scaffold_9,6818087,6818191,105,*,5,0.736039683643174,-0.19320004137132,-1.36185585405103,0.585724282715185,0.671589622589663,88989,88993,5
scaffold_11,12661139,12661225,87,*,5,0.750731798854795,0.214990005188888,1.28708748386457,0.616515045486354,0.704808869839048,15097,15101,5
scaffold_4,10033497,10033573,77,*,12,1.59315776370188,0.544504191626637,1.28276364575247,0.617914625612316,0.704808869839048,62215,62226,12
scaffold_1,12271440,12271502,63,*,5,0.559226620488776,0.270057921972999,1.26966721879211,0.624212736179146,0.710143320640172,2503,2507,5
scaffold_16,1420380,1420564,185,*,5,1.18901731340552,0.353480628454898,1.24889976893823,0.630510846745976,0.713601423448934,42188,42192,5
scaffold_1,711036,711063,28,*,5,1.68900100767359,0.547963896717937,1.24645709507831,0.630510846745976,0.713601423448934,97,101,5
scaffold_5,20344660,20344677,18,*,5,0.530621479624625,0.128424290738137,1.23809843694039,0.634009797060882,0.715712090496562,69838,69842,5
scaffold_14,7031719,7031841,123,*,5,1.23042939418404,-0.375699876806713,-1.16976268578824,0.663400979706088,0.74696562753539,38521,38525,5
scaffold_7,5906542,5906601,60,*,5,0.797616253324763,0.1541296219388,1.16482007323358,0.665500349895031,0.747408085266728,76761,76765,5
scaffold_11,11980357,11980444,88,*,5,0.880782544658766,0.301470457463838,1.13150052901568,0.674597620713786,0.755687360288077,13414,13418,5
scaffold_12,13792112,13792125,14,*,6,2.32820255384277,0.0911101852505137,1.11224066262513,0.680195941217635,0.760014852687051,26000,26005,6
scaffold_8,8428869,8428947,79,*,6,0.986064319964825,0.540728553537803,1.10618522957313,0.685094471658502,0.763540403527797,81744,81749,6
scaffold_12,16591124,16591174,51,*,5,0.585941607311484,-0.246013521381417,-1.08990135009337,0.691392582225332,0.768603936585522,26815,26819,5
scaffold_7,9474258,9474276,19,*,5,0.677785283015203,0.638736196572946,1.08852306906538,0.693491952414276,0.768986013056842,77663,77667,5
scaffold_2,13967391,13967421,31,*,5,2.48786269702273,0.338223071437341,1.08379303697935,0.697690692792162,0.771688190512543,46556,46560,5
scaffold_16,869387,869443,57,*,5,1.49878373723636,-0.383360608801776,-1.07128959445721,0.700489853044087,0.772832633837053,41829,41833,5
scaffold_1,12003664,12003723,60,*,7,2.67509616846952,-0.0933141390886907,-1.05813825459333,0.706787963610917,0.777821929802969,2241,2247,7
scaffold_1,9943447,9943509,63,*,6,0.657844710257907,0.211448783158344,1.04330999863959,0.710986703988803,0.780062981105668,1603,1608,6
scaffold_9,5286562,5286652,91,*,6,0.810660826677319,-0.422499697174232,-1.03924981484507,0.712386284114766,0.780062981105668,88272,88277,6
scaffold_2967,1077,1132,56,*,7,1.53249024757373,-0.47101284451565,-1.0073823700834,0.723582925122463,0.789906311688583,48550,48556,7
scaffold_9,13548325,13548399,75,*,6,1.05996215266221,0.301321580603048,0.99925938005583,0.724982505248425,0.789906311688583,90767,90772,6
scaffold_6,12820480,12820612,133,*,5,0.986729479376551,0.352760323688102,0.982045670122356,0.72778166550035,0.790988509898643,73696,73700,5
scaffold_7,9071277,9071298,22,*,5,0.863121741891395,-0.548231073563799,-0.93839492279748,0.742477256822953,0.804962966555578,77552,77556,5
scaffold_4,7189358,7189529,172,*,8,1.52560044934489,0.121246672484421,0.925685910340153,0.747375787263821,0.808273073633465,56985,56992,8
scaffold_9,3742613,3742698,86,*,5,1.19574570894935,0.108716585480553,0.834288367378852,0.773268019594122,0.834215252665579,87835,87839,5
scaffold_1,11275547,11276564,1018,*,6,3.62651084708614,0.0720570819349459,0.815271537599354,0.777466759972008,0.836684129896166,2067,2072,6
scaffold_6,13087120,13087166,47,*,6,5.85681285026035,0.157181677487657,0.791227451897253,0.788663400979706,0.844583299826678,74079,74084,6
scaffold_6,12761246,12761290,45,*,5,2.08453362553047,-0.118721987370488,-0.789631625544916,0.788663400979706,0.844583299826678,73647,73651,5
scaffold_11,4646407,4646493,87,*,5,0.792601647254184,-0.148275231224232,-0.745697938503722,0.799860041987404,0.85448463022069,8463,8467,5
scaffold_8,20396260,20396337,78,*,5,0.721346008448926,-0.164633013539677,-0.715288550463582,0.812456263121064,0.863120724799509,85809,85813,5
scaffold_14,8860815,8860869,55,*,5,1.44261678518431,-0.0394081386064236,-0.713559803181104,0.812456263121064,0.863120724799509,38842,38846,5
scaffold_10,10195194,10195264,71,*,5,1.07742330211961,0.451104138173231,0.708529345436459,0.813855843247026,0.863120724799509,5457,5461,5
scaffold_7,17854637,17854821,185,*,5,0.567816427012521,0.11887537563744,0.695649269343803,0.818754373687894,0.86621839535096,80377,80381,5
scaffold_4,18543254,18543379,126,*,5,0.701380652031803,-0.0993155835800001,-0.661247714123474,0.826452064380686,0.870277046382488,65048,65052,5
scaffold_2,11055691,11055744,54,*,6,3.22268814331332,0.101114825853663,0.648154330622805,0.827851644506648,0.870277046382488,45584,45589,6
scaffold_4,9493198,9493251,54,*,5,0.938727901310865,0.111313119986812,0.643410358499516,0.828551434569629,0.870277046382488,62013,62017,5
scaffold_3,2309699,2309740,42,*,5,1.36871619648346,0.156631552359761,0.5945560334322,0.846745976207138,0.885874094573537,49284,49288,5
scaffold_13,8780483,8780581,99,*,5,0.98876022819542,-0.107425284230309,-0.591705402251076,0.847445766270119,0.885874094573537,32554,32558,5
scaffold_6,10616196,10616250,55,*,5,1.4944255942313,0.0992342503224691,0.549944510752665,0.86074177746676,0.897630710786764,73114,73118,5
scaffold_14,9832250,9833917,1668,*,5,1.16108675849972,0.0992296974781579,0.536216743978669,0.868439468159552,0.903507095139866,39069,39073,5
scaffold_186,3343,3454,112,*,6,0.963544818907764,0.0531551216318973,0.505529141449444,0.876836948915325,0.910081951717802,42636,42641,6
scaffold_11,4870453,4870521,69,*,6,1.08101652478125,0.042826458956361,0.483156669627372,0.881735479356193,0.9130026949362,8977,8982,6
scaffold_8,12715795,12716548,754,*,5,1.02655494795737,0.0777293397933771,0.464023652493893,0.886634009797061,0.915909661063945,84192,84196,5
scaffold_6,13098271,13098309,39,*,6,1.2419481521625,0.0293038820832253,0.441056786936977,0.89223233030091,0.919524142757173,74098,74103,6
scaffold_2,14641159,14641225,67,*,6,9.15725759246045,-0.0720944898908445,-0.404977895720623,0.89853044086774,0.923841157511901,46685,46690,6
scaffold_11,21087137,21087237,101,*,8,1.03214494410254,0.0494386201628434,0.377087543169354,0.904128761371588,0.925253265141953,21358,21365,8
scaffold_11,4723361,4723413,53,*,7,0.719212757145453,-0.0461791221241453,-0.376999485278621,0.904128761371588,0.925253265141953,8756,8762,7
scaffold_10,8032840,8032886,47,*,5,1.20056895964252,0.0363474334568266,0.351736531292073,0.9111266620014,0.930241207358072,4900,4904,5
scaffold_11,6351886,6351922,37,*,5,1.01598339570399,0.0576218166212761,0.297977123762134,0.924422673198041,0.941621234559865,9671,9675,5
scaffold_16,1355383,1355451,69,*,5,0.732617839405613,0.0320687715179936,0.248727412539012,0.940517844646606,0.955793076462212,42157,42161,5
scaffold_1,12811018,12811114,97,*,6,1.04515316873368,0.0290318586685363,0.203515624938443,0.953114065780266,0.966351761138325,2804,2809,6
scaffold_8,9035063,9035107,45,*,8,0.893279345775867,0.0156851247569629,0.149788166185214,0.965010496850945,0.976023322035647,81932,81939,8
scaffold_1,13169667,13169719,53,*,5,1.40895332827314,-0.0163536310928313,-0.140855700169085,0.967109867039888,0.976023322035647,3007,3011,5
scaffold_12,12742265,12743652,1388,*,5,1.3050038588669,0.0324888450046782,0.0879541922871986,0.976207137858642,0.982939600878357,25713,25717,5
scaffold_11,6036207,6036281,75,*,5,2.6682157195582,0.0185583845149463,0.0728540713270106,0.980405878236529,0.984903152907339,9513,9517,5
scaffold_5,4945958,4945994,37,*,5,0.905881306642925,-0.00467884448890678,-0.036786984376296,0.988103568929321,0.989503149055283,67008,67012,5
scaffold_11,1914810,1914870,61,*,5,1.83979689461636,-0.0105128135657923,-0.0323209298967809,0.989503149055283,0.989503149055283,8036,8040,5
