seqnames,start,end,width,strand,L,area,beta,stat,pval,qval,index.start,index.end,index.width
scaffold_5782,29224,29449,226,*,5,4.37313747707991,-2.3899097346896,-43.4675219451809,0.000412201154163232,0.00226349054829985,101079,101083,5
scaffold_5855,96206,97274,1069,*,18,15.4971141841477,-2.08165771015354,-24.6491115965705,0.000412201154163232,0.00226349054829985,104479,104496,18
scaffold_5360,160387,162082,1696,*,9,7.8995586576111,-2.32048755264198,-22.3667345605637,0.000412201154163232,0.00226349054829985,72082,72090,9
scaffold_5192,177299,177449,151,*,8,6.81379354251289,-2.1908830516294,-22.0669647072143,0.000412201154163232,0.00226349054829985,54267,54274,8
scaffold_5338,69320,71517,2198,*,30,22.0704029592425,-1.74226423808226,-21.3658790382973,0.000412201154163232,0.00226349054829985,69934,69963,30
scaffold_4969,452554,454149,1596,*,8,6.81995896873774,-2.11413423802296,-20.754428242226,0.000412201154163232,0.00226349054829985,13030,13037,8
scaffold_5524,39616,40525,910,*,7,6.28290564930089,-2.20394194062622,-19.3184290607819,0.000412201154163232,0.00226349054829985,84441,84447,7
scaffold_5416,238167,238258,92,*,7,4.95480481814739,1.85547464715295,17.9946370622386,0.000412201154163232,0.00226349054829985,77004,77010,7
scaffold_4952,675869,676023,155,*,5,4.61015918953058,-2.25046369706983,-17.4565935989088,0.000412201154163232,0.00226349054829985,8626,8630,5
scaffold_4978,328624,329859,1236,*,24,15.0059696407252,-1.57870403582486,-16.9215497430045,0.000412201154163232,0.00226349054829985,15961,15984,24
scaffold_4999,601443,601587,145,*,10,7.87280421825544,-1.95797331631368,-16.1690348035811,0.000412201154163232,0.00226349054829985,20947,20956,10
scaffold_5623,87101,87625,525,*,8,5.78733584865813,1.87454527200207,16.1613287909715,0.000412201154163232,0.00226349054829985,91900,91907,8
scaffold_5338,67350,68256,907,*,10,8.31367574814321,-2.00486116123473,-16.0687882944456,0.000412201154163232,0.00226349054829985,69924,69933,10
scaffold_5160,179953,180032,80,*,5,4.3397454028457,-2.21337415104253,-15.7507739154555,0.000412201154163232,0.00226349054829985,49917,49921,5
scaffold_7083,15441,15667,227,*,10,7.62754564664657,-2.01490812496525,-15.6686682461169,0.000412201154163232,0.00226349054829985,135671,135680,10
scaffold_5599,77922,79714,1793,*,8,6.54640501046569,-1.92866725190035,-15.632986598843,0.000412201154163232,0.00226349054829985,90399,90406,8
scaffold_5164,291786,292165,380,*,5,4.08228931424882,-2.0657553239542,-15.260013739218,0.000412201154163232,0.00226349054829985,50575,50579,5
scaffold_5277,49962,50028,67,*,6,4.99223821416599,-1.91937779368489,-15.0912848997673,0.000412201154163232,0.00226349054829985,63940,63945,6
scaffold_5661,73165,74037,873,*,6,4.87045679790436,-2.11194690913213,-15.0594976624334,0.000412201154163232,0.00226349054829985,94360,94365,6
scaffold_5597,162504,162525,22,*,7,6.05464955632202,-2.04435762444332,-14.4854216575956,0.000412201154163232,0.00226349054829985,90329,90335,7
scaffold_4956,143598,143926,329,*,8,6.8381382945825,-2.08342247013954,-14.3614201614654,0.000412201154163232,0.00226349054829985,9636,9643,8
scaffold_4999,602607,605948,3342,*,22,13.8527707976724,-1.53543593794788,-14.1504043194743,0.000412201154163232,0.00226349054829985,20957,20978,22
scaffold_5896,44389,44680,292,*,5,2.95365703540115,-1.72287920153393,-13.9249415250622,0.000412201154163232,0.00226349054829985,106635,106639,5
scaffold_5137,388574,389031,458,*,7,6.10100221637242,-1.97035157904517,-13.617180854353,0.000412201154163232,0.00226349054829985,47115,47121,7
scaffold_4951,600832,601995,1164,*,14,8.70192389749936,-1.62248869184313,-13.1199563552173,0.000412201154163232,0.00226349054829985,8388,8401,14
scaffold_5558,206606,209374,2769,*,21,13.7517434031793,-1.5026045747179,-12.8251377414802,0.000412201154163232,0.00226349054829985,87034,87054,21
scaffold_5006,668269,668671,403,*,8,5.30270893607015,-1.63743466707914,-12.7424764015612,0.000412201154163232,0.00226349054829985,23026,23033,8
scaffold_5154,282309,282376,68,*,5,4.61139169074411,-2.08065653500539,-12.5705367717117,0.000412201154163232,0.00226349054829985,49309,49313,5
scaffold_4961,1282818,1282932,115,*,6,5.03721187773101,-2.04263396785496,-12.5589958727916,0.000412201154163232,0.00226349054829985,11192,11197,6
scaffold_6263,1210,1609,400,*,5,2.9711790272016,1.45737828186642,12.4820299548211,0.000412201154163232,0.00226349054829985,119703,119707,5
scaffold_5865,1410,1980,571,*,18,9.3325519671892,-1.51556669287803,-12.3844804900544,0.000412201154163232,0.00226349054829985,105090,105107,18
scaffold_6062,23684,24988,1305,*,9,5.17748350548618,-1.52175108082194,-11.9302238173179,0.000412201154163232,0.00226349054829985,112926,112934,9
scaffold_6125,60176,60582,407,*,5,3.91030149765236,-2.03504503507442,-11.5203044494045,0.000412201154163232,0.00226349054829985,115176,115180,5
scaffold_5653,193392,193838,447,*,6,3.8008425425771,1.76405428628135,11.3205685544706,0.000412201154163232,0.00226349054829985,93960,93965,6
scaffold_4967,595566,597184,1619,*,10,7.16915022688043,-1.69946772811977,-11.2841434922514,0.000412201154163232,0.00226349054829985,12586,12595,10
scaffold_4989,492799,493601,803,*,8,5.97414146370386,-1.7478355599022,-11.1077364082118,0.000412201154163232,0.00226349054829985,19068,19075,8
scaffold_4954,766958,768018,1061,*,8,4.86920631832649,-1.68650632833523,-10.9889257300345,0.000412201154163232,0.00226349054829985,9337,9344,8
scaffold_6598,51206,51270,65,*,5,3.71150189613794,1.76260401088414,10.9234007205115,0.000412201154163232,0.00226349054829985,127798,127802,5
scaffold_5015,297832,298019,188,*,6,5.05603863169035,-2.0228383844751,-10.8849696867065,0.000412201154163232,0.00226349054829985,25007,25012,6
scaffold_4978,323371,323739,369,*,13,6.17774769841339,1.06587423918203,10.7733512236235,0.000412201154163232,0.00226349054829985,15905,15917,13
scaffold_5132,166962,167695,734,*,24,9.07736749777363,-1.04468553763659,-10.7440395563462,0.000412201154163232,0.00226349054829985,46234,46257,24
scaffold_5078,103411,103441,31,*,6,4.63208874631462,-1.91030328036662,-10.2634642198207,0.000412201154163232,0.00226349054829985,38338,38343,6
scaffold_11378,373853,374387,535,*,10,3.35039098326627,-1.0197981454278,-10.1209843542575,0.000412201154163232,0.00226349054829985,5739,5748,10
scaffold_5147,56278,57195,918,*,7,5.21839183858512,-1.72942734204983,-10.0248280104319,0.000412201154163232,0.00226349054829985,48352,48358,7
scaffold_6047,4693,5076,384,*,13,5.6777626840729,0.95906246233529,9.90286402848919,0.000412201154163232,0.00226349054829985,112365,112377,13
scaffold_5214,91366,91651,286,*,10,2.76155595977115,-1.32899831457317,-9.8465629277185,0.000412201154163232,0.00226349054829985,56883,56892,10
scaffold_4978,298616,299368,753,*,27,7.9098163322348,-0.748938983700361,-9.71173748605165,0.000412201154163232,0.00226349054829985,15388,15414,27
scaffold_5855,98729,99384,656,*,5,3.61264665949159,-1.78072793005236,-9.70697941708061,0.000412201154163232,0.00226349054829985,104497,104501,5
scaffold_5221,342022,343050,1029,*,13,7.28793212536221,-1.38134887839383,-9.69557666628453,0.000412201154163232,0.00226349054829985,57960,57972,13
scaffold_7697,4137,5250,1114,*,6,3.4003094134736,-1.66130324369336,-9.491979892112,0.000412201154163232,0.00226349054829985,138962,138967,6
scaffold_6687,37282,37539,258,*,5,3.79909045041895,1.56440652683542,9.33765156871517,0.000412201154163232,0.00226349054829985,129663,129667,5
scaffold_5612,88365,90015,1651,*,5,2.75468718550384,-1.34502008597692,-9.27986986878065,0.000412201154163232,0.00226349054829985,91322,91326,5
scaffold_5957,6157,6618,462,*,5,3.23559525248308,-1.76821604776888,-9.24644102062496,0.000412201154163232,0.00226349054829985,109022,109026,5
scaffold_5829,29256,30333,1078,*,9,5.76818325838206,-1.43159196681674,-9.2411830955951,0.000412201154163232,0.00226349054829985,103349,103357,9
scaffold_5719,144139,144329,191,*,8,1.7715328047019,0.805989992818574,9.00880636090171,0.000412201154163232,0.00226349054829985,97897,97904,8
scaffold_4978,309409,310209,801,*,17,5.59033908843903,0.887293617371959,8.87458897749161,0.000412201154163232,0.00226349054829985,15623,15639,17
scaffold_5026,405992,406778,787,*,8,4.13008117514038,-1.28446100199708,-8.75661948609254,0.000412201154163232,0.00226349054829985,28739,28746,8
scaffold_5881,140257,140495,239,*,5,3.53432746708953,-1.76376465779078,-8.75100553936496,0.000412201154163232,0.00226349054829985,105812,105816,5
scaffold_5008,169422,169740,319,*,6,3.27052857685611,-1.58321033353259,-8.67234727764049,0.000412201154163232,0.00226349054829985,23240,23245,6
scaffold_5342,268887,270220,1334,*,6,4.51859419316777,-1.67618367284726,-8.59043739075135,0.000412201154163232,0.00226349054829985,70605,70610,6
scaffold_4953,457937,458054,118,*,5,2.68848725374075,-1.41844157279844,-8.53309508921284,0.000412201154163232,0.00226349054829985,8803,8807,5
scaffold_6477,99854,100899,1046,*,10,4.37719547777899,-1.25068288819724,-8.52982557461146,0.000412201154163232,0.00226349054829985,125218,125227,10
scaffold_5185,150009,153060,3052,*,32,8.93953748428454,-0.777249273011538,-8.4689563923787,0.000412201154163232,0.00226349054829985,53454,53485,32
scaffold_4943,494688,497091,2404,*,13,4.49227577249033,-1.00296264619579,-8.39257741481569,0.000412201154163232,0.00226349054829985,6182,6194,13
scaffold_5002,475979,476144,166,*,5,3.50629018256759,-1.60450707513568,-8.37872428990649,0.000412201154163232,0.00226349054829985,22208,22212,5
scaffold_6255,603,1350,748,*,5,3.66176184612217,-1.66975745188199,-8.29083531034655,0.000412201154163232,0.00226349054829985,119348,119352,5
scaffold_5242,372411,372829,419,*,5,3.726929658847,-1.72747061958837,-8.02219775108826,0.000412201154163232,0.00226349054829985,60087,60091,5
scaffold_5767,12243,13519,1277,*,18,4.80782732109617,0.688703014126284,7.94483549061487,0.000412201154163232,0.00226349054829985,100368,100385,18
scaffold_4999,675409,676439,1031,*,11,6.6181310845522,-1.43191004831933,-7.84348048320411,0.000412201154163232,0.00226349054829985,21007,21017,11
scaffold_9887,1508,1900,393,*,7,2.29470002038023,-1.0990568967759,-7.83049018288205,0.000412201154163232,0.00226349054829985,147073,147079,7
scaffold_7549,2591,2839,249,*,5,2.28691079397578,-1.78709152469041,-7.76299309132376,0.000412201154163232,0.00226349054829985,138505,138509,5
scaffold_7158,8975,11346,2372,*,24,8.27349003419695,-0.877847451490855,-7.74202475715706,0.000412201154163232,0.00226349054829985,136406,136429,24
scaffold_7007,24593,24658,66,*,5,1.23065498860549,-0.788478992955847,-7.73634373507076,0.000412201154163232,0.00226349054829985,134690,134694,5
scaffold_4980,260225,261012,788,*,9,4.63120595637743,-1.23725177467068,-7.59462151560306,0.000412201154163232,0.00226349054829985,16427,16435,9
scaffold_6011,60615,60912,298,*,6,3.80091620892423,-1.63306035822709,-7.57705645046406,0.000412201154163232,0.00226349054829985,111059,111064,6
scaffold_5426,157754,158077,324,*,8,4.40567832187577,-1.39783034745913,-7.45060288816486,0.000412201154163232,0.00226349054829985,77688,77695,8
scaffold_5142,386241,386642,402,*,5,3.65254162300409,-1.57396805512942,-7.42693642069739,0.000412201154163232,0.00226349054829985,47854,47858,5
scaffold_6917,5208,5965,758,*,8,4.62448761535826,-1.33452745647438,-7.3256282736357,0.000412201154163232,0.00226349054829985,133393,133400,8
scaffold_5018,256859,258485,1627,*,15,5.85761224714604,1.02742284011242,7.30675947491429,0.000412201154163232,0.00226349054829985,26491,26505,15
scaffold_5004,426036,426150,115,*,8,5.21018902428622,1.60970857896356,7.28735004901382,0.000412201154163232,0.00226349054829985,22714,22721,8
scaffold_5164,159298,160017,720,*,8,4.73823409911336,-1.45755101709958,-7.25532588124122,0.000412201154163232,0.00226349054829985,50448,50455,8
scaffold_4960,18752,20191,1440,*,5,3.29846151281809,-1.5876172038862,-7.24874989021712,0.000412201154163232,0.00226349054829985,10543,10547,5
scaffold_5267,184924,186023,1100,*,5,5.07857390069619,-1.55084721808627,-7.23820295069292,0.000412201154163232,0.00226349054829985,62994,62998,5
scaffold_5908,37900,38029,130,*,6,4.66146598521214,-1.72837733413293,-7.2355563698789,0.000412201154163232,0.00226349054829985,107163,107168,6
scaffold_5145,55931,56982,1052,*,7,4.99914255306504,-1.45844711754865,-7.18447171050895,0.000412201154163232,0.00226349054829985,48076,48082,7
scaffold_5137,190249,190758,510,*,8,2.52709467074587,-0.859003525403685,-7.11677164368147,0.000412201154163232,0.00226349054829985,46898,46905,8
scaffold_5342,191124,192445,1322,*,8,2.29459451462171,1.0721565663966,7.08848470440576,0.000412201154163232,0.00226349054829985,70584,70591,8
scaffold_6159,17928,18482,555,*,18,2.07439036781472,-0.383585595055991,-7.08353590455114,0.000412201154163232,0.00226349054829985,116580,116597,18
scaffold_5564,87472,87564,93,*,5,2.86952745704264,-1.46158590496855,-7.07568620549496,0.000412201154163232,0.00226349054829985,87432,87436,5
scaffold_6197,54980,56388,1409,*,13,5.77271303385045,-1.14218259024267,-7.05779698093627,0.000412201154163232,0.00226349054829985,117803,117815,13
scaffold_5147,9583,9790,208,*,7,4.15780838508654,1.39265376968327,7.0381122186776,0.000412201154163232,0.00226349054829985,48261,48267,7
scaffold_5099,408975,409888,914,*,6,3.22734389045642,-1.37618123763908,-6.87190879045616,0.000412201154163232,0.00226349054829985,41860,41865,6
scaffold_6916,27493,28494,1002,*,25,2.96496304218405,-0.419513492613682,-6.86834814400375,0.000412201154163232,0.00226349054829985,133368,133392,25
scaffold_5543,174659,175658,1000,*,8,3.16329408266563,-0.831991407818454,-6.8322206209196,0.000412201154163232,0.00226349054829985,85975,85982,8
scaffold_5547,200438,200491,54,*,6,3.1996239137754,-1.38160101970525,-6.82934253971943,0.000412201154163232,0.00226349054829985,86263,86268,6
scaffold_4954,359927,361371,1445,*,14,2.90490058612414,-0.545092516563182,-6.82329606472421,0.000412201154163232,0.00226349054829985,9188,9201,14
scaffold_5776,54271,54292,22,*,5,2.05774658023633,1.04509327469147,6.79529043563247,0.000412201154163232,0.00226349054829985,100811,100815,5
scaffold_7289,7563,8536,974,*,7,3.76687990120921,1.31596714354063,6.76813057051991,0.000412201154163232,0.00226349054829985,137717,137723,7
scaffold_5636,7916,8368,453,*,7,1.73831323204408,-0.860416896189323,-6.58311936840187,0.000412201154163232,0.00226349054829985,92874,92880,7
scaffold_7445,937,1972,1036,*,6,4.16781737396487,-1.54829086094388,-6.57598830674989,0.000412201154163232,0.00226349054829985,138339,138344,6
scaffold_5151,30510,30547,38,*,5,3.90405858961862,-1.76930059183691,-6.56074045279825,0.000412201154163232,0.00226349054829985,48951,48955,5
scaffold_5164,237778,239468,1691,*,7,3.07356650327633,-1.25947503403766,-6.48730227160186,0.000412201154163232,0.00226349054829985,50521,50527,7
scaffold_4954,765412,765484,73,*,5,3.33618991963313,-1.39353031382445,-6.4800594200466,0.000412201154163232,0.00226349054829985,9332,9336,5
scaffold_6869,7423,7636,214,*,12,1.45209989251158,-0.527950285303623,-6.44895612440653,0.000412201154163232,0.00226349054829985,132664,132675,12
scaffold_7120,5413,5871,459,*,15,3.49082019388373,-0.560496549001241,-6.4441161042422,0.000412201154163232,0.00226349054829985,136027,136041,15
scaffold_4990,158256,158686,431,*,6,2.85712729200136,1.31120678285386,6.43687057257171,0.000412201154163232,0.00226349054829985,19197,19202,6
scaffold_5119,29835,30279,445,*,8,2.00360418198254,-0.753270933742093,-6.43429425499153,0.000412201154163232,0.00226349054829985,44335,44342,8
scaffold_5013,103137,103212,76,*,5,3.005926063368,1.45362861825132,6.2860083021386,0.000412201154163232,0.00226349054829985,24416,24420,5
scaffold_5773,96306,97248,943,*,5,3.12712672223949,-1.33885477598702,-6.15194770490669,0.000412201154163232,0.00226349054829985,100708,100712,5
scaffold_5366,215453,216150,698,*,7,2.72673602819723,-1.01374017438181,-6.11305918746002,0.000412201154163232,0.00226349054829985,72637,72643,7
scaffold_6864,32730,33292,563,*,20,3.33524780977326,-0.565790754226397,-6.10870615260179,0.000412201154163232,0.00226349054829985,132502,132521,20
scaffold_5354,200007,201203,1197,*,9,5.78662369404891,1.18790032887692,5.92956309935132,0.000412201154163232,0.00226349054829985,71566,71574,9
scaffold_5510,97130,97281,152,*,5,1.98886322228035,-1.12972879862559,-5.91946636006522,0.000412201154163232,0.00226349054829985,83451,83455,5
scaffold_6011,94584,95156,573,*,8,3.88355856375811,-1.12272711905553,-5.86183643599049,0.000412201154163232,0.00226349054829985,111086,111093,8
scaffold_6929,40337,41817,1481,*,5,2.29651091655739,-1.22955434841873,-5.83538934305568,0.000824402308326463,0.00396981419240282,133600,133604,5
scaffold_5001,196916,198212,1297,*,5,2.31562916003826,-1.23552386033633,-5.65822463932296,0.000824402308326463,0.00396981419240282,21875,21879,5
scaffold_7244,442,894,453,*,9,3.20288562362316,-0.875033282049794,-5.65509022544892,0.000824402308326463,0.00396981419240282,137408,137416,9
scaffold_6633,1398,1820,423,*,8,2.69140215140032,-0.993255868393347,-5.64761293833458,0.000824402308326463,0.00396981419240282,128421,128428,8
scaffold_5437,38013,38306,294,*,9,4.89950831623015,-1.30413908273887,-5.6324930251553,0.000824402308326463,0.00396981419240282,78366,78374,9
scaffold_4945,374636,375503,868,*,13,1.79585527516629,-0.586677071159599,-5.62303128735262,0.000824402308326463,0.00396981419240282,6619,6631,13
scaffold_4953,881428,881795,368,*,6,2.98957584624425,-1.13463397757952,-5.60230480311382,0.000824402308326463,0.00396981419240282,8959,8964,6
scaffold_5302,236495,236872,378,*,5,3.29052574695771,-1.46586473893636,-5.58585833674215,0.000824402308326463,0.00396981419240282,66289,66293,5
scaffold_5283,194558,194713,156,*,6,3.95885292875395,-1.53749721492758,-5.5598396910821,0.000824402308326463,0.00396981419240282,64459,64464,6
scaffold_5232,79128,80082,955,*,6,2.39924461901359,-0.88648503707954,-5.50688658239721,0.000824402308326463,0.00396981419240282,59098,59103,6
scaffold_6120,24565,24676,112,*,8,2.36566384788521,-0.649382680422623,-5.48878400679181,0.000824402308326463,0.00396981419240282,114981,114988,8
scaffold_5002,473923,474672,750,*,5,3.34349386415507,-1.28425954731901,-5.48448549622429,0.000824402308326463,0.00396981419240282,22203,22207,5
scaffold_5363,53459,54217,759,*,12,3.4098692031076,-0.688636652145017,-5.47590963433209,0.000824402308326463,0.00396981419240282,72279,72290,12
scaffold_7104,7964,8841,878,*,9,3.17226510324523,-0.807353964245526,-5.47453261100848,0.000824402308326463,0.00396981419240282,135877,135885,9
scaffold_5026,116422,116591,170,*,5,1.99504099971385,-1.24437243063582,-5.35933459913157,0.000824402308326463,0.00396981419240282,28659,28663,5
scaffold_6426,52318,52968,651,*,6,2.86597132131078,-0.938126560328616,-5.32823986014532,0.000824402308326463,0.00396981419240282,123942,123947,6
scaffold_9515,1454,1580,127,*,6,1.35134167882173,-0.61339595403263,-5.31250169417508,0.00123660346248969,0.00590926540090495,146294,146299,6
scaffold_5014,196368,197273,906,*,5,2.88900882166198,-1.30094117191213,-5.29188795130306,0.00164880461665293,0.00706953212345707,24663,24667,5
scaffold_5024,110971,111743,773,*,5,1.1331091722971,-1.08757037545467,-5.24513873701446,0.00164880461665293,0.00706953212345707,27590,27594,5
scaffold_6520,18942,19041,100,*,6,2.09342661759794,0.821948902558133,5.17454022343454,0.00164880461665293,0.00706953212345707,125861,125866,6
scaffold_5024,116762,116971,210,*,8,2.68451032290186,-1.07960692665491,-5.1592227041833,0.00164880461665293,0.00706953212345707,27614,27621,8
scaffold_6907,7154,7544,391,*,9,2.75982429241638,-0.682256472568864,-5.13366559343712,0.00164880461665293,0.00706953212345707,133203,133211,9
scaffold_5707,146447,146870,424,*,5,1.58893886214512,-0.886726931445501,-5.13213214887191,0.00164880461665293,0.00706953212345707,97269,97273,5
scaffold_5173,111657,111952,296,*,8,5.16954996792443,-1.6250719952726,-5.12361176020407,0.00164880461665293,0.00706953212345707,51490,51497,8
scaffold_6005,68466,68870,405,*,5,2.30901850976804,-1.17837529109753,-5.08522528124705,0.00164880461665293,0.00706953212345707,110794,110798,5
scaffold_5024,122853,123122,270,*,9,1.47912856989558,-0.79912670052364,-5.07913565701302,0.00164880461665293,0.00706953212345707,27682,27690,9
scaffold_4997,422575,422667,93,*,6,1.0439068977076,-0.562051302676956,-5.07792313194191,0.00164880461665293,0.00706953212345707,20469,20474,6
scaffold_5185,157234,158275,1042,*,9,2.63273504539808,-0.852663607300402,-5.05550442021805,0.00164880461665293,0.00706953212345707,53529,53537,9
scaffold_5137,212219,213168,950,*,7,2.65378837984975,-0.872111202117736,-5.05257497858801,0.00164880461665293,0.00706953212345707,46998,47004,7
scaffold_5164,166878,167377,500,*,6,1.90024368133086,-1.09122423893449,-5.0500771871226,0.00164880461665293,0.00706953212345707,50465,50470,6
scaffold_5827,151660,151684,25,*,5,2.54746536552519,1.33954479744456,5.0498474431138,0.00164880461665293,0.00706953212345707,103286,103290,5
scaffold_4981,759875,759903,29,*,6,2.10603452009662,0.734055234701359,5.04462315235413,0.00164880461665293,0.00706953212345707,16773,16778,6
scaffold_7961,74,1086,1013,*,6,1.7943261180851,-0.669682687140221,-4.90416977905289,0.00206100577081616,0.00871749738196564,139731,139736,6
scaffold_10741,703,767,65,*,5,1.70438416596695,-0.957589400242823,-4.90328743111402,0.00206100577081616,0.00871749738196564,3194,3198,5
scaffold_5579,110186,110259,74,*,5,2.72046970307883,-1.22124153128278,-4.85760361920631,0.00247320692497939,0.00998856474217483,89217,89221,5
scaffold_5881,139058,139160,103,*,5,1.62798429645992,-0.906054786142032,-4.84293868420683,0.00247320692497939,0.00998856474217483,105807,105811,5
scaffold_4944,402463,402869,407,*,7,1.74637156369348,-0.865746508720354,-4.82200306353697,0.00247320692497939,0.00998856474217483,6413,6419,7
scaffold_5419,84715,86359,1645,*,7,3.51763909226282,-1.08051690571915,-4.78069296567144,0.00247320692497939,0.00998856474217483,77221,77227,7
scaffold_5312,184858,185027,170,*,5,1.34724576383396,-0.845098197111409,-4.76857735444419,0.00247320692497939,0.00998856474217483,67545,67549,5
scaffold_6448,36238,37185,948,*,7,1.4045319593422,-1.07903551466292,-4.7606142460911,0.00247320692497939,0.00998856474217483,124552,124558,7
scaffold_5124,138127,138417,291,*,9,2.89396004145116,-0.705985991144085,-4.74926501759177,0.00247320692497939,0.00998856474217483,45026,45034,9
scaffold_5816,136000,136171,172,*,5,1.10264098360678,-0.617937647730207,-4.67273886515571,0.00288540807914262,0.0105015433578098,102464,102468,5
scaffold_6128,111078,111203,126,*,9,1.29500055080629,-0.619386706807381,-4.6613268933464,0.00288540807914262,0.0105015433578098,115415,115423,9
scaffold_5103,79398,79504,107,*,5,0.943763900317849,-0.577357014386665,-4.65896207408728,0.00288540807914262,0.0105015433578098,42222,42226,5
scaffold_7268,4690,4778,89,*,5,0.956316244934003,-0.703021532729878,-4.64617056558238,0.00288540807914262,0.0105015433578098,137589,137593,5
scaffold_5059,484705,485566,862,*,5,1.05776072374176,0.858898523633054,4.62981717671989,0.00288540807914262,0.0105015433578098,34306,34310,5
scaffold_6865,10237,10313,77,*,5,2.23567858922906,-1.07892336468563,-4.614479803134,0.00288540807914262,0.0105015433578098,132533,132537,5
scaffold_6467,54900,54991,92,*,5,1.33256285334342,0.902126128477215,4.54887049079314,0.00288540807914262,0.0105015433578098,125024,125028,5
scaffold_5254,244909,246129,1221,*,17,2.55552176797615,0.36142824000424,4.54753411918592,0.00288540807914262,0.0105015433578098,61612,61628,17
scaffold_5468,236250,236283,34,*,13,3.44957896700899,0.684930451109905,4.52550980544997,0.00288540807914262,0.0105015433578098,80845,80857,13
scaffold_5134,249205,249220,16,*,5,3.06902298476943,-1.21616689234713,-4.51843970605108,0.00288540807914262,0.0105015433578098,46503,46507,5
scaffold_7147,8970,9302,333,*,6,0.884821058660226,0.58421845929411,4.49596120803761,0.00288540807914262,0.0105015433578098,136296,136301,6
scaffold_5411,218997,219579,583,*,11,1.39711097316174,0.488185302989547,4.47892643272213,0.00288540807914262,0.0105015433578098,76601,76611,11
scaffold_6060,21396,21811,416,*,10,1.27765923079193,-0.725100078451184,-4.45866917656617,0.00288540807914262,0.0105015433578098,112810,112819,10
scaffold_6190,68949,69384,436,*,9,2.46482434917603,-0.820906111906012,-4.43570147395678,0.00288540807914262,0.0105015433578098,117597,117605,9
scaffold_6125,63186,63246,61,*,5,1.92844108744021,-1.23752017966747,-4.43212184062195,0.00288540807914262,0.0105015433578098,115183,115187,5
scaffold_4960,348924,349510,587,*,8,1.08891069150154,0.318654864429647,4.41314724050299,0.00288540807914262,0.0105015433578098,10646,10653,8
scaffold_5567,41177,41533,357,*,8,2.11497726717179,-0.93150585789805,-4.41104859309612,0.00288540807914262,0.0105015433578098,87583,87590,8
scaffold_5398,63816,63939,124,*,5,1.14732761041996,0.572553629107659,4.39370340241158,0.00329760923330585,0.0119323894800547,75538,75542,5
scaffold_5692,45013,45028,16,*,6,1.46979618780192,0.574831686769509,4.3788592437206,0.00370981038746909,0.0132705217288894,96457,96462,6
scaffold_5319,233871,234623,753,*,7,1.99197650958299,0.810036093030132,4.36859549469794,0.00370981038746909,0.0132705217288894,68278,68284,7
scaffold_6150,80967,81119,153,*,8,1.98157462661398,0.62835665130142,4.30964504535596,0.00412201154163232,0.0142562388124963,116180,116187,8
scaffold_4999,690315,691362,1048,*,5,0.919651587828814,-0.703341864339293,-4.29703851612171,0.00412201154163232,0.0142562388124963,21164,21168,5
scaffold_7224,959,991,33,*,5,0.639101126545775,-0.646671494913044,-4.29127629216486,0.00412201154163232,0.0142562388124963,137311,137315,5
scaffold_6386,78052,78080,29,*,5,1.65695459979625,1.0371282218983,4.27388715673439,0.00412201154163232,0.0142562388124963,123214,123218,5
scaffold_5783,52394,53351,958,*,5,1.45094973884741,-0.8985165900181,-4.26573979654943,0.00412201154163232,0.0142562388124963,101121,101125,5
scaffold_4995,499466,500365,900,*,6,1.12331678586124,-0.882354928874103,-4.24751468942168,0.00412201154163232,0.0142562388124963,20124,20129,6
scaffold_5170,214487,214876,390,*,6,3.42554309273758,-1.25361493053111,-4.20047204617644,0.00535861500412201,0.0184312801790131,51208,51213,6
scaffold_5214,221138,221854,717,*,8,1.55040812841968,-0.63752929692988,-4.15693568056612,0.00618301731244847,0.0209219937167175,57107,57114,8
scaffold_5240,81640,81687,48,*,6,0.989399122607433,0.608262592368528,4.15520868320113,0.00618301731244847,0.0209219937167175,59905,59910,6
scaffold_5273,116815,116946,132,*,5,1.42438440750139,-1.18493509980678,-4.1351876220854,0.00618301731244847,0.0209219937167175,63560,63564,5
scaffold_6097,53289,54133,845,*,7,1.18128365679081,-0.613593460591211,-4.11636232311251,0.00700741962077494,0.0235841111968017,114124,114130,7
scaffold_6486,73338,73409,72,*,5,1.15485717243483,-0.878875912492343,-4.09979966318804,0.0078318219291014,0.0260783006788164,125316,125320,5
scaffold_6916,24863,25015,153,*,5,0.734032378711617,-0.434914541601245,-4.09790651063973,0.0078318219291014,0.0260783006788164,133326,133330,5
scaffold_6025,61052,61479,428,*,5,2.74051819963421,0.99792066946706,4.08528727755008,0.00824402308326463,0.0273056002652045,111513,111517,5
scaffold_6142,14355,14429,75,*,6,1.12090367315148,0.780846360187301,4.07021373620091,0.00865622423742786,0.0285199809085781,115889,115894,6
scaffold_4978,341792,341924,133,*,6,0.820936942367821,-0.532566921411147,-4.01901916911501,0.00948062654575433,0.0307506332520322,16065,16070,6
scaffold_5617,173387,173424,38,*,5,2.82680454552271,-1.17290800171264,-4.01165776770057,0.00948062654575433,0.0307506332520322,91554,91558,5
scaffold_5040,447744,447841,98,*,7,1.66889355527867,-0.718874840016302,-4.00809496400692,0.00948062654575433,0.0307506332520322,31188,31194,7
scaffold_6941,20012,20507,496,*,9,1.49546726905002,-0.459568400981729,-4.00168062407397,0.00989282769991756,0.0314360920819715,134022,134030,9
scaffold_6789,35999,36013,15,*,6,1.03509998404515,-0.452471202018716,-3.99873961019265,0.00989282769991756,0.0314360920819715,131433,131438,6
scaffold_5752,41047,41811,765,*,6,1.03455686656457,-0.644408132630554,-3.99162362995014,0.00989282769991756,0.0314360920819715,99495,99500,6
scaffold_5051,68276,69022,747,*,6,1.50276062468185,-0.930508485127607,-3.98943812516684,0.00989282769991756,0.0314360920819715,32663,32668,6
scaffold_6351,42817,44220,1404,*,5,1.54931575419777,0.820693560402458,3.97541471359045,0.0103050288540808,0.0325805457709827,122258,122262,5
scaffold_5410,245511,246070,560,*,5,3.6290627586167,-1.06615174357814,-3.95521454621671,0.0115416323165705,0.0361253091508656,76490,76494,5
scaffold_6549,46436,46567,132,*,5,2.24420050769453,-1.09449637369398,-3.95261444898731,0.0115416323165705,0.0361253091508656,126883,126887,5
scaffold_6025,61936,62480,545,*,5,1.88431573986262,-1.21758480081714,-3.94563893652308,0.0119538334707337,0.0370450482805906,111520,111524,5
scaffold_5237,211217,211296,80,*,6,1.4743731459355,0.622226819606356,3.94484849865798,0.0119538334707337,0.0370450482805906,59591,59596,6
scaffold_5132,140041,140390,350,*,12,3.0498926365884,0.541809627252399,3.93421234071367,0.0123660346248969,0.0381336831289926,46078,46089,12
scaffold_5342,48950,49037,88,*,6,2.38017321985052,1.00736324017423,3.88895426063681,0.0140148392415499,0.0430063204176972,70548,70553,6
scaffold_4978,304040,304466,427,*,14,2.28944430874111,0.422477914184178,3.8669986871408,0.0148392415498763,0.0450940058748669,15537,15550,14
scaffold_5692,104121,104261,141,*,5,1.31886795929235,-0.779872945818824,-3.85399723041533,0.0148392415498763,0.0450940058748669,96477,96481,5
scaffold_5147,54191,54828,638,*,6,1.14739249812221,-0.718498356274907,-3.83508559065445,0.0152514427040396,0.0456813547020515,48341,48346,6
scaffold_6456,19041,19508,468,*,5,1.14369810112487,0.856606835399341,3.82872204595892,0.0152514427040396,0.0456813547020515,124747,124751,5
scaffold_5076,247209,248653,1445,*,5,1.90858615138439,-1.01117979038891,-3.81964130087419,0.0152514427040396,0.0456813547020515,38081,38085,5
scaffold_5759,135080,135524,445,*,6,1.23431814988851,-0.728372499232249,-3.81261216998743,0.0156636438582028,0.0464712846219666,100010,100015,6
scaffold_6104,70506,70667,162,*,5,1.64774289757247,-0.902073651283264,-3.80949518454409,0.0156636438582028,0.0464712846219666,114414,114418,5
scaffold_6531,3337,3664,328,*,8,1.11128137948449,0.471692207231062,3.76052897271647,0.0185490519373454,0.054515054050602,126518,126525,8
scaffold_6009,84197,84229,33,*,5,1.08310226240725,-0.952387340414124,-3.75500229333584,0.0185490519373454,0.054515054050602,110998,111002,5
scaffold_5228,232763,232877,115,*,5,2.17864464025235,-0.733229360275143,-3.72027854393559,0.0189612530915087,0.0554660954919833,58764,58768,5
scaffold_5185,154661,154968,308,*,18,2.8465374917855,-0.425639208293944,-3.69573106932663,0.0201978565539984,0.0588086428037347,53500,53517,18
scaffold_5364,26981,27621,641,*,5,1.67788386707791,-0.779813104372881,-3.68813375227856,0.0206100577081616,0.059731000580135,72413,72417,5
scaffold_7248,7707,8029,323,*,7,1.20998192812847,-0.439454957372721,-3.67190138698688,0.0210222588623248,0.060366669944107,137530,137536,7
scaffold_11371,182,372,191,*,6,1.24855650202789,0.540653204040809,3.66748470568861,0.0210222588623248,0.060366669944107,5413,5418,6
scaffold_5052,233878,233947,70,*,6,1.75290949303017,-0.81475965974114,-3.65180792831472,0.0222588623248145,0.0633365809787904,32917,32922,6
scaffold_6388,51022,51086,65,*,8,0.891906784435755,0.279519070297743,3.64946493750289,0.0222588623248145,0.0633365809787904,123241,123248,8
scaffold_4948,978182,978260,79,*,5,1.5068739718054,-0.728702449328232,-3.59836709577271,0.0243198680956307,0.068577646071463,7583,7587,5
scaffold_5807,46844,47035,192,*,5,0.856314500856595,0.685692910848854,3.59118094027165,0.0243198680956307,0.068577646071463,102177,102181,5
scaffold_7433,1340,1366,27,*,5,2.57717948232588,0.602050149844987,3.58990348545412,0.0247320692497939,0.0694272437236367,138272,138276,5
scaffold_6131,10037,11267,1231,*,11,3.21858254223633,-0.857706258487767,-3.58626899156147,0.0255564715581204,0.0714212106936757,115484,115494,11
scaffold_5042,512887,513300,414,*,5,2.77192538485403,0.816627321682976,3.57307167000016,0.0259686727122836,0.0722506183017313,31534,31538,5
scaffold_5082,585883,585910,28,*,5,2.38197217406226,1.06296476354484,3.56443583983224,0.0263808738664468,0.0730726860194501,39198,39202,5
scaffold_5029,427590,427709,120,*,5,1.24430520425164,-0.882071552560215,-3.55878756475934,0.0267930750206101,0.0738875108497881,29231,29235,5
scaffold_5443,59906,60016,111,*,6,1.48910173417412,0.540362692149127,3.5500086177666,0.0276174773289365,0.075167568730062,78795,78800,6
scaffold_5587,109400,109722,323,*,6,0.915287863044591,0.491107686460496,3.54864191013183,0.0276174773289365,0.075167568730062,89659,89664,6
scaffold_5837,28700,28993,294,*,5,1.38110475285717,-0.986848845167071,-3.5419940077152,0.0276174773289365,0.075167568730062,103694,103698,5
scaffold_5043,133834,133870,37,*,5,1.67692951043028,0.857749608170241,3.53540797000452,0.0288540807914262,0.0781933098503585,31577,31581,5
scaffold_6166,88415,88587,173,*,8,1.2111062095761,-0.502308100739456,-3.51297209904833,0.0292662819455894,0.0789685021462888,116995,117002,8
scaffold_4969,679457,679514,58,*,5,1.37643258502971,-0.862474733714629,-3.49241783985911,0.0305028854080791,0.0812544947466279,13120,13124,5
scaffold_6199,62816,62906,91,*,8,0.999227801039817,-0.412034338983697,-3.48603428896037,0.0305028854080791,0.0812544947466279,117905,117912,8
scaffold_5022,211316,213102,1787,*,6,2.04582321935853,-0.601022623798596,-3.48558143643493,0.0305028854080791,0.0812544947466279,27255,27260,6
scaffold_5181,379605,380133,529,*,8,0.981368782525184,0.534531814449596,3.47928863875612,0.0309150865622424,0.0820035770676429,52864,52871,8
scaffold_4986,670962,672030,1069,*,8,3.15645133169241,-0.925830525420495,-3.43724878989995,0.0321516900247321,0.084923873229883,18550,18557,8
scaffold_5356,156342,156443,102,*,6,0.987383728542627,-0.587063271983453,-3.42173767048573,0.0333882934872218,0.0878196290882387,71746,71751,6
scaffold_4948,479601,479691,91,*,7,0.7988745399042,-0.561215802068231,-3.41361357484775,0.033800494641385,0.0885318395209498,7381,7387,7
scaffold_5733,90119,90696,578,*,7,1.84823345103111,0.77183475813067,3.40157225683589,0.0342126957955482,0.0892381148667216,98600,98606,7
scaffold_5367,95817,96428,612,*,13,1.51975333760331,-0.327723980904999,-3.3967663663955,0.0346248969497115,0.0899385290063045,72759,72771,13
scaffold_5124,141435,141802,368,*,6,0.840577168435815,-0.530291745813016,-3.38152805394473,0.0358615004122012,0.0927656994133798,45037,45042,6
scaffold_5014,166938,167852,915,*,6,1.39167539470485,-0.770197763913991,-3.37545325645594,0.0362737015663644,0.0934458320187,24621,24626,6
scaffold_6153,69533,69638,106,*,6,0.868463140051929,-0.443064066062071,-3.35540385670833,0.0375103050288541,0.0954943492739418,116348,116353,6
scaffold_5485,12808,12871,64,*,5,0.776950869204457,-0.563622187394648,-3.34579725753486,0.0387469084913438,0.0954943492739418,81854,81858,5
scaffold_4999,902118,902215,98,*,5,1.33107526509874,0.697718999387192,3.33341229083193,0.0387469084913438,0.0954943492739418,21271,21275,5
scaffold_5337,156742,157459,718,*,6,1.21759065830269,-0.653527805783438,-3.33152556475106,0.0387469084913438,0.0954943492739418,69807,69812,6
scaffold_6241,39523,40136,614,*,5,1.18569329206476,-0.69086753275741,-3.32185223865594,0.0387469084913438,0.0954943492739418,119053,119057,5
scaffold_6428,269,285,17,*,5,0.748208509754386,-0.355653818665244,-3.32052143989766,0.0387469084913438,0.0954943492739418,124031,124035,5
scaffold_4972,571125,571161,37,*,6,1.14619569178892,0.765432753116449,3.31624989620836,0.0387469084913438,0.0954943492739418,13909,13914,6
scaffold_5082,16615,17242,628,*,11,1.83778124482184,-0.488174929681791,-3.31486953092234,0.0387469084913438,0.0954943492739418,39024,39034,11
scaffold_5534,147963,147991,29,*,6,0.751408998472954,-0.603338900482603,-3.30714061059083,0.0387469084913438,0.0954943492739418,85436,85441,6
scaffold_6104,63350,64280,931,*,5,1.43869886388092,-0.806693513596344,-3.30568325516644,0.0387469084913438,0.0954943492739418,114402,114406,5
scaffold_5137,217889,218898,1010,*,7,1.94654352368047,-0.675308820068728,-3.3050375204233,0.0387469084913438,0.0954943492739418,47012,47018,7
scaffold_5543,6780,6858,79,*,7,3.22251477698022,0.492292524863903,3.30124234834025,0.039159109645507,0.0961317750513231,85924,85930,7
scaffold_6139,1785,1948,164,*,6,1.21162580638226,0.636275806357595,3.29528666505673,0.0403957131079967,0.0987801422093982,115702,115707,6
scaffold_6723,19895,19955,61,*,5,1.30621442884794,0.622935841845908,3.28018468485639,0.0408079142621599,0.0990145516593493,130313,130317,5
scaffold_5979,71894,73010,1117,*,8,1.1664733354445,-0.415669788771208,-3.27931221369514,0.0408079142621599,0.0990145516593493,109881,109888,8
scaffold_4995,615493,617136,1644,*,5,2.21520100123014,0.901191805738139,3.27911152344333,0.0412201154163232,0.0992453548100704,20161,20165,5
scaffold_5556,179246,179364,119,*,6,1.5383020063417,-0.77979584630542,-3.27648575271275,0.0412201154163232,0.0992453548100704,86913,86918,6
scaffold_5356,173053,173535,483,*,5,2.0586091150555,0.745128861017865,3.26072165221992,0.0428689200329761,0.102819708584839,71762,71766,5
scaffold_5257,243623,243679,57,*,5,1.7337115975499,0.985203821517762,3.24655669571737,0.0436933223413026,0.104000075230629,61840,61844,5
scaffold_4963,354488,354606,119,*,5,1.3622290397324,-0.730298301095768,-3.23922999474055,0.0436933223413026,0.104000075230629,11509,11513,5
scaffold_5753,19649,20879,1231,*,6,0.889920268203254,-0.608538189441694,-3.23702750539652,0.0441055234954658,0.104583551924854,99666,99671,6
scaffold_5431,208833,209699,867,*,6,0.868240368295695,0.579191066846237,3.23319629834227,0.044517724649629,0.105162625021388,78062,78067,6
scaffold_5821,10375,10563,189,*,9,1.25174978740366,-0.561081526374492,-3.22861475486183,0.0453421269579555,0.106707411562707,102751,102759,9
scaffold_5023,232738,232877,140,*,6,2.94162481333997,0.689442682817957,3.21803260501464,0.0465787304204452,0.10920706083595,27407,27412,6
scaffold_4982,175346,175505,160,*,9,1.04538473450765,0.368921850195363,3.21488487632816,0.0469909315746084,0.109762399872033,16877,16885,9
scaffold_6095,104326,105477,1152,*,5,1.40700077160972,0.719171919487303,3.21027023092094,0.0474031327287716,0.109905041067448,114063,114067,5
scaffold_7120,3561,4381,821,*,5,1.6165414565996,0.819411597033126,3.21010334531754,0.0474031327287716,0.109905041067448,136000,136004,5
scaffold_6081,123325,123411,87,*,5,1.00102614443468,-0.657623775494546,-3.19485068011298,0.049876339653751,0.115212504144827,113623,113627,5
scaffold_5192,82372,83176,805,*,5,1.90595427115951,-0.918588944721827,-3.19023453907604,0.0507007419620775,0.116686266427428,54249,54253,5
scaffold_7213,430,588,159,*,5,0.733268425835553,0.380428316596676,3.18269158823774,0.0519373454245672,0.119094425772084,137217,137221,5
scaffold_5285,5374,6410,1037,*,5,0.800662721478239,-0.635547966230866,-3.16915094405583,0.0544105523495466,0.124310240039475,64606,64610,5
scaffold_5804,236,310,75,*,7,2.03800317659696,0.722605961796523,3.15064204426461,0.0556471558120363,0.126673161957581,102007,102013,7
scaffold_5041,95233,95324,92,*,8,1.30598014680236,0.525940018423692,3.14824008144032,0.0564715581203627,0.128084041244011,31271,31278,8
scaffold_5773,98426,98746,321,*,5,1.33065259190596,-0.743523982767278,-3.13609466377403,0.0581203627370157,0.129474858642678,100718,100722,5
scaffold_5748,72863,73449,587,*,6,1.50698974582059,-0.643284565715873,-3.13258503630304,0.0581203627370157,0.129474858642678,99338,99343,6
scaffold_5132,168314,169651,1338,*,19,2.78338297762824,0.329495291197208,3.12696824472068,0.0581203627370157,0.129474858642678,46264,46282,19
scaffold_5214,74781,74932,152,*,6,0.948790681787574,-0.485880816971635,-3.1230154860042,0.0581203627370157,0.129474858642678,56784,56789,6
scaffold_5039,233586,234828,1243,*,5,1.65999160251031,-0.978179774109227,-3.11411514698334,0.0585325638911789,0.129474858642678,31003,31007,5
scaffold_6150,82743,82799,57,*,6,0.955701865057732,0.500357771831124,3.1139653950966,0.0585325638911789,0.129474858642678,116205,116210,6
scaffold_4977,612242,612278,37,*,5,1.12068462973701,-0.770117176449835,-3.11307775612235,0.0585325638911789,0.129474858642678,15223,15227,5
scaffold_5222,114836,115464,629,*,7,0.82208024586572,-0.37656687366902,-3.10454922181421,0.0597691673536686,0.131744713955622,58009,58015,7
scaffold_5445,66712,66837,126,*,7,1.53635882476519,0.607305041324198,3.10259330925493,0.0601813685078318,0.132187848020711,78927,78933,7
scaffold_10242,11634,13211,1578,*,10,1.89261751027011,-0.22534615788615,-3.08450258524439,0.0626545754328112,0.136556151429389,1603,1612,10
scaffold_5066,177373,177501,129,*,13,1.95080232383991,0.369191565884725,3.08389221777136,0.0626545754328112,0.136556151429389,36596,36608,13
scaffold_5403,197441,198454,1014,*,6,1.34794286089256,-0.705406520891031,-3.08265636562788,0.0630667765869744,0.136556151429389,75966,75971,6
scaffold_5916,96360,96982,623,*,5,1.73675616549889,-0.771006394214016,-3.06902522706131,0.0634789777411377,0.136556151429389,107543,107547,5
scaffold_5137,202032,202653,622,*,5,0.848871186969012,-0.68227805514629,-3.06775902866699,0.0634789777411377,0.136556151429389,46955,46959,5
scaffold_5228,48302,48546,245,*,5,1.81477200706111,-0.976689250611766,-3.06644971396957,0.0634789777411377,0.136556151429389,58632,58636,5
scaffold_5283,108843,109499,657,*,5,0.665012072522699,-0.453932431730034,-3.04957757942813,0.0655399835119538,0.140506950953709,64376,64380,5
scaffold_7273,907,1843,937,*,5,4.48120986844999,-0.576702100726649,-3.00814766908975,0.0725474031327288,0.154998888604397,137616,137620,5
scaffold_5073,214491,214572,82,*,5,0.675973514805275,0.664601869030282,3.00508753620337,0.072959604286892,0.155349361508824,37631,37635,5
scaffold_6386,31803,32409,607,*,6,0.893794895238433,0.460066365967333,2.99835128229481,0.0733718054410552,0.155697458325765,123200,123205,6
scaffold_5533,173140,173274,135,*,7,0.777144158317996,-0.376284775016909,-2.98620118376403,0.0754328112118714,0.159530202089971,85341,85347,7
scaffold_5797,136541,136589,49,*,5,0.989755107738332,-0.541801148181742,-2.97549318219607,0.0774938169826875,0.16333713613186,101713,101717,5
scaffold_5031,188278,188302,25,*,5,1.65887053876487,-0.7174257571107,-2.96413573300614,0.0803792250618302,0.168850318418476,29591,29595,5
scaffold_4978,349940,350034,95,*,5,1.28644100365613,-0.690203606194317,-2.95155883954511,0.0820280296784831,0.171165155262435,16122,16126,5
scaffold_5303,24366,25910,1545,*,6,2.3570466052296,0.688281683369533,2.95033994267354,0.0820280296784831,0.171165155262435,66323,66328,6
scaffold_5726,116611,116739,129,*,7,1.06451520421169,-0.597395435840338,-2.94904596166833,0.0828524319868096,0.172311037952634,98223,98229,7
scaffold_11378,232117,232467,351,*,5,1.31652590740081,0.478058077344688,2.9454648194754,0.083676834295136,0.173449332015746,5644,5648,5
scaffold_5339,1800,1980,181,*,7,0.780294580497379,0.269199688817027,2.94136293227533,0.085325638911789,0.175127376914032,70100,70106,7
scaffold_6871,12737,13310,574,*,8,1.24387583400605,0.505921360346086,2.94117800427135,0.085325638911789,0.175127376914032,132813,132820,8
scaffold_5267,278557,278614,58,*,7,1.88474151428153,0.60278889354066,2.93693132346893,0.085325638911789,0.175127376914032,63030,63036,7
scaffold_5003,586894,586936,43,*,6,1.18947345303797,0.507942714815287,2.89896756669454,0.0939818631492168,0.19101508549159,22615,22620,6
scaffold_4978,322173,322774,602,*,5,1.21144870473548,-0.613655291209684,-2.89863664497942,0.0939818631492168,0.19101508549159,15890,15894,5
scaffold_5322,236133,237039,907,*,6,1.78421828372043,-0.703597945185336,-2.89721957761436,0.0939818631492168,0.19101508549159,68689,68694,6
scaffold_5170,42132,42315,184,*,5,0.615925626665112,-0.47839904333963,-2.89415416781747,0.0952184666117065,0.192279871286865,51142,51146,5
scaffold_4984,186873,186908,36,*,6,1.26512391574023,-0.36021203940329,-2.89347314044088,0.0952184666117065,0.192279871286865,17270,17275,6
scaffold_5082,489005,489334,330,*,5,2.40162363447145,1.13905102397251,2.88254931713879,0.0972794723825227,0.195810127689579,39163,39167,5
scaffold_6525,46686,46730,45,*,6,0.869109544443866,0.386793099084098,2.87515946994975,0.0981038746908491,0.196836620373306,126139,126144,6
scaffold_5395,72843,72917,75,*,5,1.33865548371924,-0.714935752570123,-2.87174258348161,0.0993404781533388,0.198680956306678,75330,75334,5
scaffold_6658,12945,13069,125,*,5,1.14017389686847,0.532074747400955,2.86110732625864,0.100577081615829,0.199244471808572,128991,128995,5
scaffold_6645,2996,4632,1637,*,8,0.972041168375748,-0.5393164347597,-2.86100787896828,0.100577081615829,0.199244471808572,128596,128603,8
scaffold_5512,230274,230873,600,*,5,2.59368344846463,-1.08067516328235,-2.85780820580766,0.100577081615829,0.199244471808572,83646,83650,5
scaffold_5034,8887,9004,118,*,5,0.65472806676447,-0.481039107433355,-2.85309629663768,0.101813685078318,0.201057939618382,30071,30075,5
scaffold_5021,481109,481226,118,*,5,1.49135082527425,0.727473571732275,2.8430257488707,0.103874690849134,0.204482881986032,27163,27167,5
scaffold_5178,557964,558031,68,*,5,0.544291241905176,-0.582518146486754,-2.82753641189429,0.10717230008244,0.210313040287171,52210,52214,5
scaffold_6099,19811,19825,15,*,8,0.815621048958955,-0.479899825615519,-2.81081818922418,0.10964550700742,0.213300697551551,114238,114245,8
scaffold_4964,332366,332582,217,*,6,1.11567707678072,-0.553861380872471,-2.79887071293147,0.110057708161583,0.213300697551551,11743,11748,6
scaffold_5576,59740,61432,1693,*,12,2.01683322099965,-0.373148849436121,-2.79811297404513,0.110057708161583,0.213300697551551,89011,89022,12
scaffold_7364,8315,8734,420,*,5,1.8338913533087,-0.681823755472952,-2.79778900909307,0.110057708161583,0.213300697551551,138003,138007,5
scaffold_6751,40519,41137,619,*,5,1.06827956232941,-0.49009495132033,-2.79114059021263,0.110469909315746,0.213438775406349,130939,130943,5
scaffold_5730,64090,64689,600,*,7,0.876572216746683,0.392338164804776,2.78159639053892,0.112530915086562,0.216751854905194,98488,98494,7
scaffold_4966,392416,394017,1602,*,5,2.15986629785078,-0.841452954013781,-2.77149677932908,0.113767518549052,0.21846155402364,12155,12159,5
scaffold_6407,2227,2802,576,*,8,1.18192329049207,0.613092864494378,2.73792048716837,0.124896949711459,0.238370397924919,123579,123586,8
scaffold_5102,198285,198353,69,*,5,0.933546080827048,0.471790417898403,2.73693165893499,0.124896949711459,0.238370397924919,42163,42167,5
scaffold_5562,90059,90463,405,*,5,0.723257427368377,0.49763652514771,2.72321368044966,0.127782357790602,0.243136036404002,87252,87256,5
scaffold_6015,106209,106235,27,*,5,3.40021705047233,-0.574688671721437,-2.72258027866361,0.128194558944765,0.243181193634615,111217,111221,5
scaffold_4999,686970,688079,1110,*,8,1.18157043443354,0.461573679150364,2.71762972764497,0.129431162407255,0.244047914659462,21154,21161,8
scaffold_6313,58208,58250,43,*,5,1.80032723190425,-0.770957305342978,-2.71381378818584,0.129431162407255,0.244047914659462,121164,121168,5
scaffold_5781,40561,40636,76,*,5,0.604546376481236,-0.240750400239365,-2.69464032765939,0.132728771640561,0.249514147288261,100991,100995,5
scaffold_5038,61945,62230,286,*,5,0.53660049490038,-0.327094595615816,-2.6896140665671,0.133553173948887,0.250312236203603,30727,30731,5
scaffold_5160,173638,173866,229,*,5,1.09861137499972,0.562440562032495,2.67890326860735,0.13520197856554,0.252646085319487,49912,49916,5
scaffold_5601,89423,89847,425,*,5,1.1959668182677,-0.642171039759869,-2.67648376537719,0.136026380873866,0.25343010246143,90532,90536,5
scaffold_5002,115467,115654,188,*,5,0.970766898150793,0.4473984032089,2.6629458879463,0.137262984336356,0.254975157847356,22065,22069,5
scaffold_5058,367755,367876,122,*,7,0.950980282679884,-0.417099291245377,-2.66255703538616,0.138087386644683,0.255747645087489,33917,33923,7
scaffold_7150,8957,9407,451,*,5,1.38895935713128,-0.473397507101295,-2.65246347185847,0.139736191261336,0.258037922506183,136331,136335,5
scaffold_5827,146334,146557,224,*,10,1.29657576532505,-0.377978419937837,-2.64709346361217,0.141384995877988,0.260314727704767,103246,103255,10
scaffold_7045,1018,1115,98,*,7,2.14883536745016,-0.763102776391102,-2.64375436127228,0.142209398186315,0.261038363465557,135370,135376,7
scaffold_4993,83191,83284,94,*,5,0.860768130225106,-0.614201709225049,-2.63429498798085,0.143033800494641,0.261038363465557,19707,19711,5
scaffold_4999,461838,462116,279,*,8,0.966930406873733,-0.413643638767563,-2.63282617307457,0.143446001648805,0.261038363465557,20898,20905,8
scaffold_5038,63592,63656,65,*,5,1.69803732426592,-0.546049589881876,-2.63251337105566,0.143446001648805,0.261038363465557,30738,30742,5
scaffold_5267,60743,60920,178,*,7,1.66717088975751,-0.397806458138629,-2.61860268701326,0.14674361088211,0.26626521858609,62911,62917,7
scaffold_5044,16599,16627,29,*,5,1.31415579041651,-0.676807801896813,-2.61238763946774,0.148804616652927,0.269224537643734,31688,31692,5
scaffold_5484,79915,79982,68,*,5,1.28970797214475,0.706653477947056,2.61019573814783,0.15045342126958,0.271423174970481,81794,81798,5
scaffold_5576,46969,47910,942,*,5,0.780154181208007,0.445378280699286,2.6089046203191,0.151277823577906,0.272085832327436,88938,88942,5
scaffold_5391,12451,12742,292,*,5,0.633749822763507,-0.381659880781206,-2.60488904705329,0.151690024732069,0.272085832327436,74748,74752,5
scaffold_5083,342514,342605,92,*,6,1.723567861577,0.730434847787299,2.59934656617647,0.152514427040396,0.272782946649393,39756,39761,6
scaffold_5661,32238,33055,818,*,6,2.03172516967099,0.416791014225765,2.59201722220796,0.155399835119538,0.277151842691826,94324,94329,6
scaffold_5528,140985,141802,818,*,5,0.810605644968936,-0.51920250107972,-2.58719112341044,0.156224237427865,0.277830604062055,84947,84951,5
scaffold_5214,18936,20282,1347,*,5,0.995338700579793,0.512421394614232,2.56491224034783,0.160346248969497,0.282340663130034,56598,56602,5
scaffold_4975,174634,174664,31,*,5,0.5965918702613,-0.494372250878143,-2.56243491814139,0.16075845012366,0.282340663130034,14665,14669,5
scaffold_5060,158329,158382,54,*,5,0.726032966227649,-0.48906965329489,-2.56119660439978,0.161170651277824,0.282340663130034,34425,34429,5
scaffold_5607,193785,194069,285,*,6,1.30543684989177,-0.630873384495974,-2.56077586666961,0.161170651277824,0.282340663130034,90916,90921,6
scaffold_5202,202932,203710,779,*,6,0.876143590965219,-0.405471887090627,-2.55664381701606,0.161582852431987,0.282340663130034,55418,55423,6
scaffold_5500,144390,144597,208,*,7,1.36859410570794,-0.466520397465291,-2.54937666644837,0.162819455894476,0.282340663130034,82869,82875,7
scaffold_6693,13172,13489,318,*,5,1.04909120445456,0.378913945259308,2.54870324134701,0.162819455894476,0.282340663130034,129737,129741,5
scaffold_5033,306326,306736,411,*,5,0.681765810798439,-0.421385667651354,-2.54698270081033,0.162819455894476,0.282340663130034,29932,29936,5
scaffold_5974,45722,46455,734,*,5,2.0360960574614,-0.663906305796167,-2.54668914252817,0.162819455894476,0.282340663130034,109663,109667,5
scaffold_4972,824135,824168,34,*,5,1.28462963375381,0.484282109093709,2.52801064123628,0.166117065127782,0.2872632120718,13989,13993,5
scaffold_7835,2331,2768,438,*,8,2.39078549610242,-0.432900520427284,-2.51324416959298,0.169002473206925,0.291447791260427,139599,139606,8
scaffold_5561,99890,99973,84,*,5,0.891004349327038,-0.534597985008894,-2.49961616012425,0.173536685902721,0.29681411304673,87145,87149,5
scaffold_5323,73158,73999,842,*,7,1.75178076988846,0.500346651246532,2.49869405389052,0.173536685902721,0.29681411304673,68721,68727,7
scaffold_5562,70563,70958,396,*,10,1.38161323563159,-0.225965322249322,-2.49869000056875,0.173536685902721,0.29681411304673,87230,87239,10
scaffold_5710,127184,128419,1236,*,5,1.08215027457312,-0.539478776985306,-2.49159446645154,0.175597691673537,0.299520858276932,97399,97403,5
scaffold_4954,770309,771955,1647,*,5,0.794783282638992,0.528876739721146,2.48356345055292,0.177658697444353,0.302212892935231,9352,9356,5
scaffold_5003,306708,306809,102,*,5,0.776666280240041,0.464048578712533,2.47498073026005,0.180544105523495,0.306288916145551,22483,22487,5
scaffold_4972,1066957,1067686,730,*,5,0.830922604362293,-0.434021691593985,-2.47222861993249,0.181368507831822,0.306855907845191,14133,14137,5
scaffold_5391,176818,176893,76,*,5,1.44176299605175,-0.58847338163483,-2.46488185611107,0.183429513602638,0.309506403006069,74969,74973,5
scaffold_5364,23237,24538,1302,*,8,1.03625101587588,0.464855876144385,2.462117584343,0.185078318219291,0.311448997863646,72395,72402,8
scaffold_5822,2135,2160,26,*,6,1.07985148271884,-0.440457166025721,-2.45211871030502,0.18755152514427,0.314764758016926,102825,102830,6
scaffold_5010,517640,518465,826,*,6,1.14501361575193,-0.488956930276385,-2.44473058698191,0.189200329760923,0.316682904893952,24016,24021,6
scaffold_5380,100553,100592,40,*,6,0.824348414335439,0.598063850486588,2.44276413325968,0.19002473206925,0.317057234568767,73978,73983,6
scaffold_5058,364411,364612,202,*,5,0.734875019562384,-0.352598693388182,-2.43970695887397,0.190436933223413,0.317057234568767,33904,33908,5
scaffold_5002,233526,234411,886,*,6,1.19844530714296,-0.623853889477908,-2.43481175512562,0.191673536685903,0.318269586115053,22132,22137,6
scaffold_5543,102074,102154,81,*,5,1.12796995479124,-0.644005823316766,-2.42500314329719,0.195383347073372,0.323389563454224,85964,85968,5
scaffold_6687,16986,18440,1455,*,8,1.61782311775377,-0.499630571391882,-2.41976209401873,0.196207749381698,0.323389563454224,129624,129631,8
scaffold_6098,41922,41995,74,*,6,1.75193462666533,0.502075974590434,2.41320782093547,0.197032151690025,0.323389563454224,114185,114190,6
scaffold_5767,104214,104287,74,*,5,0.673350014603361,-0.562951956790418,-2.41170760981087,0.197032151690025,0.323389563454224,100442,100446,5
scaffold_5026,215295,215492,198,*,8,1.13681388377096,-0.438264243512388,-2.40854803822988,0.197856553998351,0.323389563454224,28685,28692,8
scaffold_5227,117612,118333,722,*,5,1.21721898500075,-0.588517032251707,-2.40554522267184,0.197856553998351,0.323389563454224,58497,58501,5
scaffold_5068,449026,450139,1114,*,8,1.17513691406244,-0.394766177369984,-2.4013761176601,0.199093157460841,0.324563324402308,37006,37013,8
scaffold_4970,668323,668371,49,*,5,1.0282129041217,-0.402842931348248,-2.39910791447978,0.200741962077494,0.326401216261068,13388,13392,5
scaffold_5268,179793,179840,48,*,5,1.26470640647756,-0.457998974944347,-2.3950166462909,0.201978565539984,0.326714682242971,63117,63121,5
scaffold_6009,234,542,309,*,7,1.57320982229463,0.667704595166582,2.39401117718726,0.201978565539984,0.326714682242971,110915,110921,7
scaffold_6467,44624,44732,109,*,5,1.18347764973583,-0.604233853505368,-2.39026754246725,0.203215169002473,0.327867772668939,125012,125016,5
scaffold_8506,1432,1482,51,*,5,1.46021403340802,-0.650143510450872,-2.38237218261499,0.206100577081616,0.331668280856276,142514,142518,5
scaffold_5219,172658,172691,34,*,5,1.73282256483671,-0.337650236860279,-2.37455702791618,0.209810387469085,0.335712603260595,57619,57623,5
scaffold_5190,179867,179972,106,*,5,0.634728845566033,-0.366632093912101,-2.37008946101321,0.210222588623248,0.335712603260595,54032,54036,5
scaffold_4954,138166,138222,57,*,7,1.12607574279318,-0.483263249667865,-2.37000467321879,0.210222588623248,0.335712603260595,9082,9088,7
scaffold_4962,399672,399722,51,*,5,1.00207432757855,-0.446676261462761,-2.36502141821959,0.211459192085738,0.336828127851582,11308,11312,5
scaffold_6732,19584,20894,1311,*,5,1.64937679666414,0.463621148247559,2.36212403002289,0.212283594394064,0.337283071296153,130468,130472,5
scaffold_5517,85971,86001,31,*,5,0.712475482100864,0.521765090097698,2.35720489789449,0.213932399010717,0.338431647106099,83912,83916,5
scaffold_5014,299603,299717,115,*,8,2.47214393246686,0.488235206435101,2.35490053551499,0.215169002473207,0.338431647106099,24715,24722,8
scaffold_5285,78515,78552,38,*,5,1.07134376225138,0.511227024005457,2.35437265267792,0.215169002473207,0.338431647106099,64627,64631,5
scaffold_5120,314589,315348,760,*,7,1.41999359551178,-0.473605152957739,-2.35340986392065,0.215169002473207,0.338431647106099,44585,44591,7
scaffold_6260,85470,85569,100,*,8,1.40584782492576,0.320774328306543,2.34910190709888,0.21681780708986,0.340170293830206,119571,119578,8
scaffold_5336,291918,291999,82,*,5,0.833316116788038,-0.292281833546194,-2.33558720889474,0.221764220939819,0.347061005770816,69785,69789,5
scaffold_7158,4776,5947,1172,*,5,0.607831400685458,0.38486795774737,2.32878108263952,0.222588623248145,0.347482489160446,136398,136402,5
scaffold_5909,87292,87355,64,*,6,1.03908084574864,0.46516903094795,2.32214308516462,0.225474031327288,0.351111302514632,107232,107237,6
scaffold_5193,208503,208618,116,*,10,1.0635941055537,-0.213316148876041,-2.28903229306224,0.234954657873042,0.364509880821841,54382,54391,10
scaffold_6664,37783,37874,92,*,6,2.53326853731939,0.673904591368453,2.2825490245731,0.237015663643858,0.364509880821841,129120,129125,6
scaffold_5642,153330,154095,766,*,6,1.84567674210045,-0.484785060224095,-2.28127867999391,0.238252267106348,0.364509880821841,93279,93284,6
scaffold_6211,855,899,45,*,6,0.895063576111066,-0.295559906513125,-2.28098702457472,0.238252267106348,0.364509880821841,118179,118184,6
scaffold_5256,70767,71413,647,*,6,0.877918322710521,0.370644930800169,2.28033795519318,0.238252267106348,0.364509880821841,61742,61747,6
scaffold_5364,9483,9508,26,*,5,1.50644316165117,0.528836386277861,2.27809573923089,0.239076669414674,0.364509880821841,72361,72365,5
scaffold_5387,82350,82399,50,*,5,0.570562782818259,0.555132404987973,2.27795955607869,0.239076669414674,0.364509880821841,74509,74513,5
scaffold_5272,1334,1596,263,*,5,0.596894029022183,0.52036050140683,2.27393529036507,0.239488870568838,0.364509880821841,63388,63392,5
scaffold_6463,6309,6391,83,*,7,0.959589430596045,-0.373238329372579,-2.26970851990508,0.239901071723001,0.364509880821841,124871,124877,7
scaffold_4971,797040,798428,1389,*,6,1.08961100454459,-0.393505706939883,-2.26780997804276,0.239901071723001,0.364509880821841,13645,13650,6
scaffold_5073,121399,121502,104,*,5,1.76454716964203,0.766942247743109,2.25502735827008,0.244023083264633,0.369875181897483,37601,37605,5
scaffold_5184,97479,97519,41,*,5,5.75887877594839,0.625422896128829,2.25414745320093,0.24484748557296,0.370228323595828,53089,53093,5
scaffold_5262,16691,17489,799,*,5,0.786155872664959,0.443189962298686,2.24939594427741,0.246496290189613,0.371549797070201,62384,62388,5
scaffold_5002,516705,516982,278,*,5,0.885884221530108,0.440300063335811,2.24714136702491,0.246908491343776,0.371549797070201,22270,22274,5
scaffold_5719,142768,142878,111,*,5,0.93129210526208,0.519283430600385,2.22886791973929,0.251442704039571,0.377465546112162,97872,97876,5
scaffold_6905,3353,3436,84,*,5,0.869973179274949,-0.423958143157866,-2.20697434783467,0.259686727122836,0.387980647205001,133165,133169,5
scaffold_6145,78230,79311,1082,*,9,1.16269637130316,0.353442996854964,2.20515608815192,0.259686727122836,0.387980647205001,115971,115979,9
scaffold_5038,166450,167402,953,*,5,0.846945845647348,-0.396898370634198,-2.20141654046877,0.263396537510305,0.392586267812978,30767,30771,5
scaffold_6043,114618,115383,766,*,10,1.56794485938249,0.322574578868298,2.17369870496115,0.270816158285243,0.401258034061137,112213,112222,10
scaffold_5012,418122,418559,438,*,8,0.992159279866682,-0.358926295978034,-2.17359133497305,0.270816158285243,0.401258034061137,24318,24325,8
scaffold_5863,118720,119380,661,*,7,1.85408339043255,-0.404053223383749,-2.16842837440131,0.27164056059357,0.401258034061137,104990,104996,7
scaffold_5765,70717,70762,46,*,7,1.134115807858,0.378979097885384,2.16582042428,0.273701566364386,0.401258034061137,100294,100300,7
scaffold_4978,377773,378782,1010,*,5,0.936059263826097,0.424635771876347,2.16408161319587,0.273701566364386,0.401258034061137,16134,16138,5
scaffold_5185,176852,177644,793,*,6,0.726211400338701,0.594605948464478,2.16400006229748,0.273701566364386,0.401258034061137,53589,53594,6
scaffold_5629,90948,91027,80,*,5,0.611874233720938,-0.319339737329454,-2.16318753366462,0.273701566364386,0.401258034061137,92250,92254,5
scaffold_5898,126912,127977,1066,*,5,1.07797719129433,0.633117439908158,2.15977530459162,0.274525968672712,0.401526299974575,106748,106752,5
scaffold_5313,54908,55026,119,*,5,0.632883498806569,-0.262682882478582,-2.15659794674555,0.275762572135202,0.402394802229922,67628,67632,5
scaffold_5030,333515,334466,952,*,8,1.13665048611019,-0.419751109053402,-2.15245061612955,0.276999175597692,0.403259264939895,29428,29435,8
scaffold_5849,1609,2060,452,*,5,1.21658542533077,0.522591822850049,2.13360222615606,0.28318219291014,0.411304066732593,104204,104208,5
scaffold_5247,320008,321652,1645,*,6,1.54138747936398,-0.44049791479549,-2.12586615226895,0.28565539983512,0.412622853039841,60754,60759,6
scaffold_6444,58998,59481,484,*,5,1.05647989213025,-0.505416245555968,-2.12351391762182,0.286067600989283,0.412622853039841,124476,124480,5
scaffold_5275,177946,178022,77,*,5,1.03194368674407,-0.448013331993858,-2.12342301925256,0.286067600989283,0.412622853039841,63770,63774,5
scaffold_5170,365877,365992,116,*,5,0.781484983528571,0.440696575540886,2.10821219885306,0.290189612530915,0.417606201021501,51251,51255,5
scaffold_5164,163444,164662,1219,*,6,1.25552285324721,-0.359429070757326,-2.09831224608145,0.293487221764221,0.421383029413767,50456,50461,6
scaffold_6946,330,512,183,*,5,1.43511329370633,0.265198297004254,2.09542235751501,0.295548227535037,0.42240454437656,134088,134092,5
scaffold_5112,32569,33433,865,*,7,1.16142671418146,-0.457315703385652,-2.09471152928257,0.295548227535037,0.42240454437656,43474,43480,7
scaffold_5313,46579,47446,868,*,5,1.39148859363498,-0.447039075332755,-2.08889713878051,0.298845836768343,0.426144632840507,67621,67625,5
scaffold_5136,219159,219248,90,*,5,0.796191864988943,0.640540889279732,2.08633363593974,0.299670239076669,0.42634902195908,46735,46739,5
scaffold_5190,4214,5253,1040,*,5,1.53616519305466,-0.430362341688682,-2.07498574521049,0.304616652926628,0.432403684199704,53969,53973,5
scaffold_5164,341254,341326,73,*,5,0.83342528695594,0.462315217940535,2.06568279596925,0.307914262159934,0.435693828520598,50638,50642,5
scaffold_5279,43675,43756,82,*,5,0.847205714624809,0.323043535468483,2.0630317732765,0.308326463314097,0.435693828520598,64063,64067,5
scaffold_7490,6206,6502,297,*,5,0.806721100864343,-0.417549857944438,-2.05780498891649,0.310799670239077,0.438199535066806,138418,138422,5
scaffold_5185,82348,82429,82,*,5,0.800891813637939,0.33045254955857,2.04386910779058,0.316158285243199,0.444753003510657,53282,53286,5
scaffold_5804,130519,130609,91,*,5,1.30440890421496,-0.517659295503757,-2.03688846003665,0.317394888705688,0.445491480560002,102051,102055,5
scaffold_5979,70443,70559,117,*,7,0.975189706925536,-0.350665788345141,-2.03226319266603,0.318631492168178,0.446226653461475,109871,109877,7
scaffold_7486,1827,1842,16,*,5,0.931147158890479,-0.514599948282078,-2.01977281648456,0.323577906018137,0.452142341891414,138400,138404,5
scaffold_5821,12009,12125,117,*,7,0.99950612596401,0.414223202001088,2.01440738257078,0.324814509480627,0.452278389558299,102768,102774,7
scaffold_5450,12650,12719,70,*,5,0.59110452167186,0.511717176843247,2.011825310871,0.32522671063479,0.452278389558299,79423,79427,5
scaffold_7335,4124,4222,99,*,5,0.638253741340417,-0.254424624614727,-2.01065270502263,0.326463314097279,0.452278389558299,137893,137897,5
scaffold_9437,264,361,98,*,5,1.07775259401832,-0.297314320749987,-2.00322379183167,0.326875515251443,0.452278389558299,146176,146180,5
scaffold_5322,215258,215312,55,*,5,1.0040621676242,-0.442814294413768,-2.00197130402177,0.327287716405606,0.452278389558299,68672,68676,5
scaffold_5510,119468,120559,1092,*,5,2.05536305358987,0.554641046024049,1.9973946696244,0.328524319868096,0.452987278056008,83461,83465,5
scaffold_5545,6760,7593,834,*,5,1.0974600561046,-0.477438977453802,-1.99596326466056,0.330585325638912,0.454827283186723,86049,86053,5
scaffold_4999,236336,236385,50,*,5,1.06925620189171,-0.439125766835992,-1.98285915890976,0.335531739488871,0.46062032657902,20817,20821,5
scaffold_4999,683786,684084,299,*,5,1.41248281867443,-0.560926239692348,-1.97566200700264,0.339653751030503,0.465258748676356,21119,21123,5
scaffold_5178,382281,382368,88,*,7,0.831624814313406,-0.529353974074679,-1.96981890365749,0.341302555647156,0.466496506190217,52159,52165,7
scaffold_5228,217361,217719,359,*,5,0.918524230461358,0.408674020627284,1.95718969574561,0.347485572959604,0.473443492598301,58705,58709,5
scaffold_5147,116950,117065,116,*,9,1.62006090547103,0.388521373232395,1.95684654512861,0.347897774113768,0.473443492598301,48373,48381,9
scaffold_5499,189955,190117,163,*,6,0.659632339925634,0.332336331983982,1.94294317500836,0.350370981038747,0.475774911345457,82804,82809,6
scaffold_6457,65168,65561,394,*,7,1.14865437438796,-0.264019439044646,-1.93467977648991,0.35325638911789,0.478654761012552,124786,124792,7
scaffold_5338,55763,57985,2223,*,6,1.13016348581301,0.392953955184726,1.92983116209153,0.355317394888706,0.480407536069827,69880,69885,6
scaffold_5698,103276,103438,163,*,5,1.06763177607622,0.518823767277242,1.92667053099379,0.356966199505359,0.481596639849902,96742,96746,5
scaffold_5146,40500,40592,93,*,7,1.16340213640151,0.507710311625556,1.91738064269427,0.361088211046991,0.486110150785842,48168,48174,7
scaffold_6553,26458,27123,666,*,5,1.32604545759966,-0.424429108239253,-1.90755029572935,0.365210222588623,0.489553745911088,127021,127025,5
scaffold_5290,186827,186942,116,*,5,1.09429317264537,0.460385530697388,1.90657573814485,0.365210222588623,0.489553745911088,65120,65124,5
scaffold_11101,504,1066,563,*,6,0.859893089308732,0.224709168120534,1.89988115486859,0.368507831821929,0.49137008647454,4011,4016,6
scaffold_6618,50163,50186,24,*,5,0.903520954875599,0.291050885996053,1.89537611412785,0.368920032976092,0.49137008647454,128182,128186,5
scaffold_5176,35833,35875,43,*,5,0.803030308784747,-0.244835714575347,-1.89515432308519,0.368920032976092,0.49137008647454,51809,51813,5
scaffold_5541,21656,22719,1064,*,5,0.688036406980653,-0.350215073597952,-1.88941881211025,0.371805441055235,0.493114843433426,85821,85825,5
scaffold_5467,209957,210384,428,*,5,0.667025148851003,-0.415012573852511,-1.88739078136727,0.371805441055235,0.493114843433426,80777,80781,5
scaffold_7665,231,256,26,*,5,0.675895254271778,-0.332180814531736,-1.88490985869931,0.373042044517725,0.493708921497031,138889,138893,5
scaffold_5865,780,807,28,*,6,1.07477155071164,-0.415469445917464,-1.8807437243444,0.375927452596867,0.496478028113162,105070,105075,6
scaffold_6664,56824,57320,497,*,8,1.50292879768036,0.38276388263088,1.85127301232352,0.384171475680132,0.506297565843711,129137,129144,8
scaffold_4972,707466,707504,39,*,5,0.867899971874255,-0.21190123414129,-1.83902536362951,0.389530090684254,0.512281169681393,13955,13959,5
scaffold_4999,1403275,1403337,63,*,7,1.37212176216361,-0.408220371231274,-1.83408089845071,0.391178895300907,0.513371044986096,21464,21470,7
scaffold_6789,11712,12197,486,*,11,2.04802326158212,-0.242350107429252,-1.82922169706207,0.394064303380049,0.516075845012366,131402,131412,11
scaffold_5140,165698,165840,143,*,5,0.686443881708617,0.439822364424554,1.82462579080043,0.395300906842539,0.516614546311961,47476,47480,5
scaffold_5263,142538,142595,58,*,7,1.32442467022263,-0.472115716027397,-1.81291101874503,0.399422918384171,0.520914056059357,62565,62571,7
scaffold_6547,15755,15914,160,*,7,0.818478143530718,-0.211485527296695,-1.80502066031405,0.401896125309151,0.523049842917939,126815,126821,7
scaffold_5511,173529,173849,321,*,5,0.919583645777934,0.406063393727916,1.79927838747803,0.40436933223413,0.52352436236306,83526,83530,5
scaffold_6348,7317,7339,23,*,6,0.838757418366214,0.445801282832816,1.7979868487943,0.405193734542457,0.52352436236306,122175,122180,6
scaffold_6420,40457,40491,35,*,5,1.19370192218733,0.454909050822891,1.79693126702391,0.405193734542457,0.52352436236306,123814,123818,5
scaffold_5132,145016,145397,382,*,5,0.641761090362957,-0.211200613152982,-1.79462089624058,0.40560593569662,0.52352436236306,46094,46098,5
scaffold_5827,115222,115885,664,*,5,0.919805867067624,0.462736703765954,1.79154897536461,0.40684253915911,0.524039978423051,103217,103221,5
scaffold_6703,6190,6553,364,*,6,0.802370456065194,-0.306002749290239,-1.76537158783492,0.41714756801319,0.536210220895805,129972,129977,6
scaffold_6675,24686,25619,934,*,5,0.713947200411917,-0.453087985668469,-1.76131093779232,0.41962077493817,0.53823861136259,129365,129369,5
scaffold_5126,95903,95959,57,*,8,1.03335870172289,-0.445442584291785,-1.75909359914398,0.420445177246496,0.53823861136259,45271,45278,8
scaffold_5943,133697,134350,654,*,5,0.723161911390105,0.377738489100962,1.74600188063301,0.424979389942292,0.541722616214806,108597,108601,5
scaffold_6582,9374,10310,937,*,5,0.775269520158626,0.327508029956628,1.74029034038462,0.426215993404782,0.541722616214806,127533,127537,5
scaffold_6783,33056,33119,64,*,5,0.736181784439785,0.295459535195395,1.73914563072124,0.426628194558945,0.541722616214806,131342,131346,5
scaffold_5267,6505,6567,63,*,5,0.906188488705539,-0.329843764273415,-1.73847029040289,0.426628194558945,0.541722616214806,62899,62903,5
scaffold_5048,251412,251472,61,*,5,1.04278807201495,0.448403205619655,1.7189438093123,0.434872217642209,0.550480901346524,32238,32242,5
scaffold_5726,122742,122784,43,*,6,0.901262984094513,0.376580473789892,1.71731474443495,0.435284418796373,0.550480901346524,98279,98284,6
scaffold_4984,552614,552658,45,*,5,1.16003900285158,-0.616471171593198,-1.70873911857777,0.436521022258862,0.55093177406058,17496,17500,5
scaffold_7028,20751,21252,502,*,6,1.54844148320834,0.449113949430529,1.69608727613321,0.438994229183842,0.551614002004235,134866,134871,6
scaffold_7435,1490,1818,329,*,6,0.878761740836392,-0.283486471533797,-1.69583108048899,0.439406430338005,0.551614002004235,138290,138295,6
scaffold_4954,291896,291959,64,*,5,1.53416634801806,-0.338076791632803,-1.69262186255062,0.441467436108821,0.551614002004235,9142,9146,5
scaffold_5176,236342,236608,267,*,5,0.815939398270651,-0.471060122293701,-1.69196241312173,0.441467436108821,0.551614002004235,51905,51909,5
scaffold_5194,99569,99616,48,*,5,0.791203514648084,0.51426307666563,1.69090502797566,0.441467436108821,0.551614002004235,54530,54534,5
scaffold_6364,64496,64537,42,*,5,2.5,-0.970761376758093,-1.68783545342818,0.443528441879637,0.553085268160663,122668,122672,5
scaffold_7042,26105,26992,888,*,5,0.794271054869774,0.282307017206114,1.67085628479959,0.450948062654575,0.561219656504501,135323,135327,5
scaffold_7440,3979,4849,871,*,5,0.728376243155928,0.349651058179953,1.66622801036868,0.454245671887881,0.564201965479789,138329,138333,5
scaffold_5318,113878,113938,61,*,6,0.710627035857078,0.302452415985813,1.65003086480421,0.458779884583677,0.568705361879964,68126,68131,6
scaffold_5068,445185,446013,829,*,6,0.776410912555277,-0.213657543358622,-1.62988431985284,0.466199505358615,0.575505838975404,36998,37003,6
scaffold_5200,298594,299121,528,*,5,0.872851903484763,-0.289858725493652,-1.62872974864915,0.466199505358615,0.575505838975404,55236,55240,5
scaffold_6011,89164,90621,1458,*,5,0.663178430134286,-0.44357075318076,-1.62696173476028,0.467023907666941,0.575505838975404,111078,111082,5
scaffold_5119,187608,189972,2365,*,6,1.86854308293795,0.376487363636164,1.62494085147885,0.468260511129431,0.575896031369399,44405,44410,6
scaffold_5062,290530,290586,57,*,6,1.28304170972787,-0.378106793534032,-1.61191123422094,0.475267930750206,0.583368087548292,35923,35928,6
scaffold_5896,65078,65156,79,*,5,1.50143017447484,0.621454403150648,1.59255657148078,0.483511953833471,0.592325798629653,106650,106654,5
scaffold_11362,2164,2309,146,*,5,0.569587454498389,-0.318584162585518,-1.57069710841929,0.492992580379225,0.602591483747383,5180,5184,5
scaffold_5285,19788,19844,57,*,5,2.80095351000362,0.316191309056845,1.56496997056423,0.493816982687552,0.602591483747383,64617,64621,5
scaffold_6093,102244,102304,61,*,5,0.784194200429759,0.283933236582043,1.56021971970644,0.495877988458368,0.603929223297545,113993,113997,5
scaffold_6100,10501,10678,178,*,6,1.16527729157743,-0.299566331353767,-1.55395619819677,0.497114591920857,0.604259678723217,114271,114276,6
scaffold_6331,71270,71409,140,*,5,3.55514179620948,0.365262630487581,1.5393570380045,0.504534212695796,0.612089955712341,121628,121632,5
scaffold_6661,40014,40085,72,*,7,6.85514962067116,-0.445598096405562,-1.52523386781084,0.510305028854081,0.616700671935627,129049,129055,7
scaffold_6548,35648,36153,506,*,6,1.07765589898492,0.404095215424835,1.52356645101306,0.510305028854081,0.616700671935627,126829,126834,6
scaffold_4974,133,174,42,*,5,0.609272548496216,0.347131681858657,1.50690487701093,0.517312448474856,0.623964533227861,14434,14438,5
scaffold_5558,157825,157868,44,*,10,1.70066258396058,0.271555104223679,1.4987316943017,0.521434460016488,0.627726869173695,87008,87017,10
scaffold_5024,75284,76364,1081,*,7,1.20004081469344,0.297887810236258,1.47138885735216,0.530090684253916,0.636922779928889,27547,27553,7
scaffold_6977,374,587,214,*,5,0.623140491931582,0.304814578170488,1.46549316620544,0.532151690024732,0.638174248956863,134350,134354,5
scaffold_5518,154057,154175,119,*,8,5.91684280516112,0.238820005443819,1.45750083418666,0.535861500412201,0.641394453648256,84023,84030,8
scaffold_6432,53695,53722,28,*,5,0.843337807761414,0.640300859860186,1.44211431074105,0.540395713107997,0.645587245048866,124112,124116,5
scaffold_5466,229318,229424,107,*,7,1.05935302343954,-0.308089787142086,-1.44023354600908,0.54204451772465,0.646323558277392,80714,80720,7
scaffold_4958,541873,541978,106,*,6,0.756677430993361,0.31529923142846,1.43010988696203,0.546990931574608,0.650981602976625,10228,10233,6
scaffold_5240,36630,36671,42,*,8,1.50583514600958,0.295335643922576,1.41163855452232,0.554410552349547,0.65855978324633,59877,59884,8
scaffold_5363,269613,269679,67,*,6,2.32600887840116,0.216105039895768,1.38085080985907,0.565952184666117,0.670996340153389,72339,72344,6
scaffold_5582,213380,213398,19,*,5,1.07936045939894,0.595035490996592,1.37807490442784,0.567188788128607,0.671191269127614,89432,89436,5
scaffold_5245,114291,114462,172,*,6,1.08940352862153,-0.27029785866232,-1.37161616590046,0.56883759274526,0.671872326525533,60292,60297,6
scaffold_5062,56863,56977,115,*,5,0.87168450963823,0.360103786535646,1.36382566014447,0.571723000824402,0.673226760222899,35832,35836,5
scaffold_4951,595226,595318,93,*,5,0.876183756396335,0.241723973846786,1.36283850869609,0.572135201978565,0.673226760222899,8381,8385,5
scaffold_5937,38488,38550,63,*,5,0.586617744750488,0.42200990184662,1.35197390333204,0.576669414674361,0.67728903111848,108383,108387,5
scaffold_6297,83948,84109,162,*,5,0.855305131065512,-0.29736174269496,-1.34433252463756,0.58037922506183,0.680369653349636,120755,120759,5
scaffold_6744,17357,18169,813,*,5,8.3937147135938,-0.233167444332543,-1.30683772965917,0.593569661995054,0.693867337241952,130790,130794,5
scaffold_6182,92868,93905,1038,*,7,1.84845843841836,-0.171737014761766,-1.30242937090368,0.59439406430338,0.693867337241952,117418,117424,7
scaffold_4995,500982,502049,1068,*,5,0.757259750596381,0.232284334800818,1.30088295688926,0.595218466611707,0.693867337241952,20132,20136,5
scaffold_5356,158331,158354,24,*,5,1.06374716232306,-0.348536481751895,-1.28757142092206,0.601813685078318,0.699909912252393,71752,71756,5
scaffold_5552,214091,214510,420,*,5,0.631059000433471,-0.228232783819569,-1.28537470135665,0.602638087386645,0.699909912252393,86543,86547,5
scaffold_4969,15094,15140,47,*,5,1.04961765793401,-0.34636184857702,-1.28039109975574,0.605111294311624,0.701480870813105,12937,12941,5
scaffold_5024,636228,636828,601,*,9,2.37765509664689,-0.237329809100544,-1.27496035348732,0.606347897774114,0.70161512755378,28093,28101,9
scaffold_6747,39315,39513,199,*,8,1.53631433506644,0.229954716332216,1.26869905144225,0.607996702390767,0.70222497361,130889,130896,8
scaffold_6964,4473,4975,503,*,6,0.75001083487328,-0.287470083465626,-1.25704186998591,0.612530915086562,0.706159029178983,134196,134201,6
scaffold_5595,126384,126407,24,*,5,0.868718264275806,0.287280607916982,1.2293418342682,0.62242374278648,0.713731950186206,90198,90202,5
scaffold_6605,18101,18728,628,*,8,1.49146657904718,0.257745024143158,1.22686315508025,0.623660346248969,0.713731950186206,127900,127907,8
scaffold_5554,77262,77321,60,*,5,0.516098750531344,-0.619203733658728,-1.22654799470153,0.623660346248969,0.713731950186206,86638,86642,5
scaffold_6663,36025,36154,130,*,5,0.661655094497911,0.355261708996876,1.22464386853107,0.623660346248969,0.713731950186206,129068,129072,5
scaffold_6277,192,227,36,*,7,0.891108567505074,0.274652919052063,1.18881903059344,0.63520197856554,0.725613939018299,120095,120101,7
scaffold_5372,156553,156647,95,*,6,0.625112877082397,0.271419991743334,1.18670575247555,0.636850783182193,0.725790302031028,73317,73322,6
scaffold_5242,372054,372101,48,*,5,0.970077506110668,-0.413876258779237,-1.18513455898314,0.637675185490519,0.725790302031028,60081,60085,5
scaffold_7248,2202,2879,678,*,5,0.687894130650388,-0.228847506118417,-1.1798608630625,0.638911788953009,0.725878003420297,137457,137461,5
scaffold_5018,234514,235614,1101,*,5,0.772847718333325,-0.298130722200672,-1.17156726142403,0.640148392415499,0.72596538705091,26485,26489,5
scaffold_8522,729,790,62,*,5,0.552581862935351,0.156001956879533,1.16595262819076,0.643446001648805,0.726690581760656,142555,142559,5
scaffold_6702,35000,35612,613,*,5,0.968055042186458,-0.21640348799729,-1.16564026198424,0.643446001648805,0.726690581760656,129963,129967,5
scaffold_5863,117806,118142,337,*,7,1.24190483261817,0.232361912142513,1.16408931622676,0.644270403957131,0.726690581760656,104976,104982,7
scaffold_5425,175694,175732,39,*,5,1.02897619873479,-0.279051033558099,-1.1582949633802,0.645919208573784,0.727239972243145,77621,77625,5
scaffold_6029,72834,72915,82,*,5,2.62640116743222,-0.694140024179757,-1.13389952390254,0.653751030502885,0.734736346669311,111645,111649,5
scaffold_5494,198098,198175,78,*,5,0.528131323909287,-0.236936975682827,-1.12556067755181,0.657048639736191,0.737119083288272,82528,82532,5
scaffold_5820,88741,88787,47,*,5,0.517584640190638,-0.219206454289848,-1.11621839153183,0.66075845012366,0.739954901211827,102700,102704,5
scaffold_6317,90041,90130,90,*,6,1.15570447976811,0.258915648509691,1.0925815225619,0.670651277823578,0.749692321281357,121244,121249,6
scaffold_5178,562430,562466,37,*,5,1.34324791331957,-0.339371463976645,-1.05808042140931,0.687139323990107,0.766754397179692,52218,52222,5
scaffold_6444,379,1438,1060,*,6,2.91169702915918,-0.323241419991308,-1.05096626954658,0.68878812860676,0.767226634355573,124421,124426,6
scaffold_5700,110150,110393,244,*,7,0.726490527928227,-0.181020320161187,-1.03693695147441,0.692085737840066,0.769530500688954,96897,96903,7
scaffold_5461,23214,24282,1069,*,11,1.74756042452035,-0.166547723723074,-1.01777182362882,0.701978565539984,0.779146422035514,80325,80335,11
scaffold_6104,78811,79044,234,*,5,0.789031344290634,-0.132152952825373,-1.00451870151898,0.706512778235779,0.782791148983359,114431,114435,5
scaffold_4949,286901,286940,40,*,5,2.90148608872645,-0.177892856982778,-0.987022267037291,0.711459192085738,0.786878894426982,7739,7743,5
scaffold_5629,100365,101408,1044,*,5,2.52667162011751,0.268430676953848,0.9686508662434,0.714756801319044,0.789131847664412,92267,92271,5
scaffold_5185,167724,169124,1401,*,6,0.678481276916544,-0.174957188559893,-0.950586901674223,0.722588623248145,0.796334959439117,53560,53565,6
scaffold_5592,77159,77216,58,*,7,1.17971499002831,-0.106772253925866,-0.947875679800358,0.723825226710635,0.796334959439117,89951,89957,7
scaffold_5164,129143,129169,27,*,5,1.05692515410961,0.219888521570399,0.913004251117452,0.734542456718879,0.806480893686572,50421,50425,5
scaffold_7191,1046,1074,29,*,7,1.35129888556422,-0.0975236072399437,-0.902772266684663,0.737015663643858,0.806480893686572,136691,136697,7
scaffold_5113,223674,224704,1031,*,5,1.68968076933944,-0.242543082937897,-0.898780953066955,0.739076669414674,0.806480893686572,43679,43683,5
scaffold_5355,179991,180068,78,*,5,0.699882554326052,0.159938866206759,0.895109153811369,0.739488870568838,0.806480893686572,71662,71666,5
scaffold_5138,1667,1698,32,*,5,0.660796605431346,-0.364001507743704,-0.893367840063704,0.739488870568838,0.806480893686572,47125,47129,5
scaffold_5426,266345,266404,60,*,6,1.93550160047654,0.326387328584346,0.878635971510428,0.745671887881286,0.809321014285368,77727,77732,6
scaffold_5050,377732,377786,55,*,5,0.566947816387122,-0.121398454798957,-0.875953739567881,0.746496290189612,0.809321014285368,32593,32597,5
scaffold_5028,512793,513715,923,*,5,3.75025627727305,-0.196449500343255,-0.874434494841311,0.746908491343776,0.809321014285368,29069,29073,5
scaffold_5649,24722,24775,54,*,9,1.64939814619511,-0.100082060348311,-0.870831269860067,0.747320692497939,0.809321014285368,93624,93632,9
scaffold_5016,459034,459055,22,*,5,0.928916215989321,0.267520634169308,0.865319654756742,0.748557295960429,0.809321014285368,26213,26217,5
scaffold_4956,754982,755173,192,*,5,1.3128701333686,-0.203508276189261,-0.858761031810014,0.750206100577082,0.809705205105609,9847,9851,5
scaffold_5305,27975,28015,41,*,5,1.18625834985309,-0.456777077347763,-0.842881894730327,0.75638911788953,0.814973472975638,66508,66512,5
scaffold_5057,97293,97334,42,*,5,1.00823162208847,-0.302770253909487,-0.835078966838961,0.759686727122836,0.817120087936246,33734,33738,5
scaffold_5137,215445,216286,842,*,6,0.7022359377821,-0.148378297616389,-0.828375181360791,0.762572135201979,0.818816735225452,47005,47010,6
scaffold_5865,25936,25954,19,*,5,0.596344393966519,0.209109944062398,0.8033307604436,0.77040395713108,0.825809721171329,105128,105132,5
scaffold_5130,369926,369971,46,*,6,0.951638742238267,-0.146330623637233,-0.79271195578684,0.774525968672712,0.828808985280543,45900,45905,6
scaffold_6683,40549,41889,1341,*,5,1.91779156416986,0.232154372999781,0.766522017101628,0.785243198680956,0.838843417020953,129526,129530,5
scaffold_6703,50601,51346,746,*,5,0.799026693574894,-0.181104825011416,-0.75977021070837,0.788128606760099,0.840378608162144,130000,130004,5
scaffold_5013,204382,204413,32,*,5,4.24469857456154,0.216134996521948,0.752476358097765,0.789365210222589,0.840378608162144,24450,24454,5
scaffold_6080,139894,139935,42,*,5,0.742305677918938,0.0721928262788085,0.745814392869431,0.792250618301731,0.841028686405746,113564,113568,5
scaffold_5120,11041,11123,83,*,5,0.909738729631317,0.207503393379145,0.744086153347928,0.792662819455894,0.841028686405746,44489,44493,5
scaffold_5781,101792,101824,33,*,5,0.735411673674844,0.171677454983939,0.675204859525179,0.815333882934872,0.863619307474162,101031,101035,5
scaffold_5137,191775,192441,667,*,5,0.683355409786316,-0.109587715798164,-0.660983840828911,0.820692497938994,0.867668832170875,46906,46910,5
scaffold_6717,22802,22817,16,*,8,3.54425057872079,0.104092708673493,0.652544222792615,0.821929101401484,0.867668832170875,130213,130220,8
scaffold_5271,28084,28105,22,*,6,1.4779229519763,0.0490338252662241,0.6326553811452,0.827699917559769,0.872289812108444,63305,63310,6
scaffold_5844,129595,129620,26,*,5,0.679756079402903,0.0829293514690772,0.614107449166816,0.833058532563891,0.876461582159657,103966,103970,5
scaffold_5217,345776,345886,111,*,6,0.770078385766112,-0.158621454384258,-0.576348146039751,0.844187963726298,0.886680646464199,57506,57511,6
scaffold_5276,258555,258620,66,*,5,0.956663074694157,0.0656711975919668,0.565673214242457,0.847073371805441,0.888220989531333,63890,63894,5
scaffold_6153,85849,85908,60,*,6,0.980451471888932,-0.09683592830588,-0.521877775966448,0.857378400659522,0.896024839420469,116364,116369,6
scaffold_5591,98480,98532,53,*,5,2.23767592239918,0.151764394641756,0.521833039316205,0.857378400659522,0.896024839420469,89898,89902,5
scaffold_6291,46796,47805,1010,*,5,1.14571840416587,0.130133931935628,0.515307738215937,0.861500412201154,0.898832096729871,120441,120445,5
scaffold_6520,29335,30358,1024,*,5,0.770131777401501,-0.0876256177769529,-0.497149113350317,0.868095630667766,0.904206097833646,125874,125878,5
scaffold_5520,81867,82901,1035,*,5,1.08322092721095,-0.0945639883623345,-0.475482833736159,0.874278647980214,0.908481773599712,84184,84188,5
scaffold_4975,648952,649055,104,*,6,0.906629076810834,-0.0817784013113682,-0.466004728115498,0.875103050288541,0.908481773599712,14838,14843,6
scaffold_5141,235930,235975,46,*,5,2.50722609634178,-0.16714327047303,-0.459826630836961,0.87757625721352,0.909540955323947,47678,47682,5
scaffold_11378,369477,369603,127,*,5,0.538748152423415,0.0885303884087131,0.443329498423991,0.882110469909316,0.91164883182465,5706,5710,5
scaffold_4947,33114,33186,73,*,5,0.542433521900023,-0.0850136292020888,-0.442082239382702,0.882522671063479,0.91164883182465,7052,7056,5
scaffold_4992,245338,246717,1380,*,5,31.1247545873446,-0.120389457816661,-0.423675730752417,0.886644682605111,0.914167245194602,19542,19546,5
scaffold_5338,49018,49492,475,*,6,1.13414502042308,-0.116744749778671,-0.422121211160729,0.887881286067601,0.914167245194602,69843,69848,6
scaffold_5228,206524,206693,170,*,8,1.09300629914225,0.126758917163248,0.378836978352585,0.895713107996702,0.920716593770009,58691,58698,8
scaffold_6259,15352,15594,243,*,5,0.802114827316805,-0.058629137162101,-0.356641855109613,0.899010717230008,0.921262844241846,119522,119526,5
scaffold_5014,209064,209125,62,*,6,1.52984111022913,-0.0456258579568037,-0.353428122265212,0.899835119538335,0.921262844241846,24678,24683,6
scaffold_5050,153048,153153,106,*,5,4.43501539314992,-0.0641804876042874,-0.350662964992763,0.900659521846661,0.921262844241846,32514,32518,5
scaffold_5150,167954,167988,35,*,5,0.832912655645215,-0.0802552597056298,-0.324454665035232,0.908491343775763,0.927757881245722,48882,48886,5
scaffold_5275,154419,155449,1031,*,5,4.85396285103802,0.0745559891465851,0.263845115878984,0.924567188788129,0.942636905832848,63758,63762,5
scaffold_7244,3044,3158,115,*,6,0.614491479556447,-0.0562920788585752,-0.244165790362357,0.929513602638087,0.946139049189338,137417,137422,6
scaffold_5451,7017,7041,25,*,5,2.02376861892008,-0.113413035076379,-0.232691714312099,0.932811211871393,0.94795425102515,79680,79684,5
scaffold_5154,280447,280577,131,*,5,0.956830187405447,0.0356094185193473,0.164451909342546,0.953421269579555,0.965977448607824,49304,49308,5
scaffold_11356,413242,413283,42,*,5,2.68693557496819,-0.0370483239207526,-0.161372110801082,0.954245671887881,0.965977448607824,5090,5094,5
scaffold_5294,265337,265348,12,*,5,1.09554670825756,-0.013012240196765,-0.156749345838912,0.955482275350371,0.965977448607824,65490,65494,5
scaffold_4969,688259,688385,127,*,6,3.52451124889326,-0.0410666832736656,-0.152243938298168,0.956718878812861,0.965977448607824,13131,13136,6
scaffold_6197,57725,57800,76,*,5,0.60488206774582,0.0288080511012161,0.126095603639062,0.965787304204452,0.973563369455695,117820,117824,5
scaffold_5124,70314,70336,23,*,5,3.25929140414787,0.0353625535642634,0.108888602332246,0.971145919208574,0.977391230586121,45002,45006,5
scaffold_4952,466790,466831,42,*,5,1.90183505258596,-0.0213409620763897,-0.0732272499711571,0.982275350370981,0.987005408237936,8579,8583,5
scaffold_5007,474887,474966,80,*,7,0.777071010584831,0.0124089581634333,0.0675283126134761,0.985160758450124,0.988318324983618,23151,23157,7
scaffold_5545,44189,44230,42,*,5,4.96749554176389,0.00519174694157025,0.0430733804435287,0.992168178070899,0.993755647155812,86064,86068,5
scaffold_7557,25398,25443,46,*,5,0.521541451859536,-0.00571491777545846,-0.0189122046759756,0.995465787304204,0.995465787304204,138663,138667,5
