seqnames,start,end,width,strand,L,area,beta,stat,pval,qval,index.start,index.end,index.width
scaffold_6,15744538,15747569,3032,*,51,39.4798534854567,1.92236167989064,36.230737473549,0.000492125984251968,0.00403249500528852,49171,49221,51
scaffold_6,8966166,8966676,511,*,5,4.50536575969828,2.38490370902024,22.3456286150113,0.000492125984251968,0.00403249500528852,47646,47650,5
scaffold_14,17095117,17095649,533,*,7,6.45023118548596,2.29765156177384,22.0959628367723,0.000492125984251968,0.00403249500528852,23648,23654,7
scaffold_13,5760790,5761612,823,*,10,8.08558423165356,1.89701412085638,17.6881212685423,0.000492125984251968,0.00403249500528852,18085,18094,10
scaffold_9,8312226,8312281,56,*,7,5.30720306639911,1.80597310496828,12.8135785039394,0.000492125984251968,0.00403249500528852,59437,59443,7
scaffold_8,15274731,15274907,177,*,10,3.26778946237835,0.881424038666699,12.6635756255033,0.000492125984251968,0.00403249500528852,56127,56136,10
scaffold_3,5398277,5398741,465,*,5,3.46255489581506,1.8483992517334,12.6031413615171,0.000492125984251968,0.00403249500528852,31020,31024,5
scaffold_6,7771788,7771869,82,*,9,4.99028673711447,-1.40758416663255,-12.5956140224066,0.000492125984251968,0.00403249500528852,47392,47400,9
scaffold_6,8957126,8957308,183,*,9,5.87896513215818,1.52480656789468,12.1297224060845,0.000492125984251968,0.00403249500528852,47628,47636,9
scaffold_9,3727106,3727471,366,*,13,6.01424455607023,1.20786040328983,11.3688411897031,0.000492125984251968,0.00403249500528852,58284,58296,13
scaffold_6,15052258,15052454,197,*,6,4.87403020839561,1.83414618037572,11.1798867174112,0.000492125984251968,0.00403249500528852,48898,48903,6
scaffold_13,11219163,11220114,952,*,5,4.08585554720039,2.03768819082928,11.1145528061693,0.000492125984251968,0.00403249500528852,19648,19652,5
scaffold_5,23295776,23296203,428,*,5,3.98618511479415,1.9223604316255,11.0755302996998,0.000492125984251968,0.00403249500528852,45849,45853,5
scaffold_2,13422563,13422713,151,*,17,3.22088678504677,0.56045536521337,10.4664256107722,0.000492125984251968,0.00403249500528852,28093,28109,17
scaffold_14,1373610,1375367,1758,*,7,5.12921013044452,-1.67650603270013,-10.1158136506369,0.000492125984251968,0.00403249500528852,21871,21877,7
scaffold_13,2497717,2497747,31,*,5,2.6902960237881,1.28597485833052,10.0296051097581,0.000492125984251968,0.00403249500528852,17359,17363,5
scaffold_4,17260613,17261683,1071,*,12,6.22970331813656,1.30530633089423,10.0068190893117,0.000492125984251968,0.00403249500528852,41677,41688,12
scaffold_2,13403226,13404285,1060,*,18,8.75955861524029,1.06231272985835,9.85964787521521,0.000492125984251968,0.00403249500528852,28018,28035,18
scaffold_8,24089814,24090766,953,*,16,4.72970040135404,-0.936745524349682,-9.84404210167478,0.000492125984251968,0.00403249500528852,57395,57410,16
scaffold_1140,4926,7599,2674,*,18,10.3119934852352,1.30476002255344,9.76508008345296,0.000492125984251968,0.00403249500528852,12778,12795,18
scaffold_10,17696560,17696672,113,*,5,3.81217975259584,1.8397292912546,9.49950527986861,0.000492125984251968,0.00403249500528852,5597,5601,5
scaffold_4,17250480,17252828,2349,*,11,5.88682221680145,1.48046800193851,9.41651658925625,0.000492125984251968,0.00403249500528852,41666,41676,11
scaffold_7,270995,271998,1004,*,11,6.25322712063541,1.41881551517719,9.31714115756592,0.000492125984251968,0.00403249500528852,50122,50132,11
scaffold_2,11208800,11209154,355,*,10,5.80413479230975,-1.38789443731588,-8.96535754599495,0.000492125984251968,0.00403249500528852,27479,27488,10
scaffold_12,5843457,5843936,480,*,11,3.11600241275178,0.942946876863261,8.8141329585973,0.000492125984251968,0.00403249500528852,13548,13558,11
scaffold_11,5040128,5042016,1889,*,22,8.94561337311893,0.964672669431482,8.71001998470271,0.000492125984251968,0.00403249500528852,6565,6586,22
scaffold_3,6654536,6656706,2171,*,9,4.30369254060435,-1.20005224350982,-7.97529849167956,0.000492125984251968,0.00403249500528852,31205,31213,9
scaffold_1,12810791,12811140,350,*,9,1.87298050871873,0.694950282044065,7.7568409474765,0.000492125984251968,0.00403249500528852,2015,2023,9
scaffold_4,779433,779577,145,*,6,2.6249135936892,1.17403329271649,7.70347665390517,0.000492125984251968,0.00403249500528852,34166,34171,6
scaffold_1,13406243,13406319,77,*,21,3.98671946339866,0.500778492711817,7.60799514896263,0.000492125984251968,0.00403249500528852,2485,2505,21
scaffold_5,2632067,2633001,935,*,7,3.95646176153012,1.41192735473103,7.43069775418012,0.000492125984251968,0.00403249500528852,42832,42838,7
scaffold_14,60511,60552,42,*,5,2.5283277113499,1.42426741228035,7.38650045686085,0.000492125984251968,0.00403249500528852,21729,21733,5
scaffold_7,10374057,10374120,64,*,6,3.02179497150891,1.4297189053274,7.36630961981596,0.000492125984251968,0.00403249500528852,51558,51563,6
scaffold_13,5691442,5691491,50,*,5,2.88865453259404,1.53088576854499,7.15649879802386,0.000492125984251968,0.00403249500528852,18064,18068,5
scaffold_23,252326,253025,700,*,5,3.41721162239841,1.61952512433333,7.13889759525211,0.000492125984251968,0.00403249500528852,29242,29246,5
scaffold_8,15279904,15280051,148,*,5,2.31454471306297,1.05704847105814,7.09509985372791,0.000492125984251968,0.00403249500528852,56138,56142,5
scaffold_8,1605983,1606405,423,*,5,2.65980743211769,1.35469122536615,7.0837141613117,0.000492125984251968,0.00403249500528852,53516,53520,5
scaffold_1,13224870,13224958,89,*,6,1.61867844006131,0.781476533805176,7.01867900060663,0.000492125984251968,0.00403249500528852,2295,2300,6
scaffold_11,10658606,10659291,686,*,8,3.67116370294519,-1.12687300389494,-6.98522306847929,0.000492125984251968,0.00403249500528852,8043,8050,8
scaffold_4,7129480,7130129,650,*,6,3.13611114453929,1.00883062344865,6.97677944501463,0.000492125984251968,0.00403249500528852,35757,35762,6
scaffold_10,5650824,5650945,122,*,7,2.80520462237684,-1.15533760150358,-6.83586686501784,0.000492125984251968,0.00403249500528852,3240,3246,7
scaffold_3,12391154,12391769,616,*,6,3.45768421312199,1.23420528745126,6.83520310539681,0.000492125984251968,0.00403249500528852,32221,32226,6
scaffold_4,3456738,3457040,303,*,8,2.13625791188729,0.9830273748062,6.77669218676672,0.000492125984251968,0.00403249500528852,34594,34601,8
scaffold_6,15735339,15736336,998,*,7,2.6797472527591,1.36273965226849,6.70499204993531,0.000492125984251968,0.00403249500528852,49069,49075,7
scaffold_9,10230941,10230972,32,*,5,2.8000187226088,-1.47947582697446,-6.69267251584995,0.000492125984251968,0.00403249500528852,59920,59924,5
scaffold_10,6987018,6987374,357,*,7,3.64256802970533,1.14354716170825,6.68039348597632,0.000492125984251968,0.00403249500528852,3363,3369,7
scaffold_4,993017,993481,465,*,23,6.41168809413157,-0.693608449601467,-6.60267069254624,0.000492125984251968,0.00403249500528852,34196,34218,23
scaffold_5,17761532,17761698,167,*,8,2.51222562987635,0.73101026657242,6.53580906562179,0.000492125984251968,0.00403249500528852,44937,44944,8
scaffold_1123,6035,6213,179,*,15,2.75676569793779,0.428996782503484,6.4754063230471,0.000492125984251968,0.00403249500528852,12747,12761,15
scaffold_11,12739232,12739849,618,*,5,1.28268113855749,0.846970088571347,6.45138648400214,0.000492125984251968,0.00403249500528852,9167,9171,5
scaffold_12,8118935,8118985,51,*,8,4.0307799762503,1.25378063799807,6.40355274805329,0.000492125984251968,0.00403249500528852,13862,13869,8
scaffold_7,8356279,8357113,835,*,9,2.85117549885864,0.996544569663677,6.3844607394755,0.000492125984251968,0.00403249500528852,51170,51178,9
scaffold_2,7224069,7225275,1207,*,9,2.55199432410921,1.07681091789091,6.269860872992,0.000492125984251968,0.00403249500528852,26719,26727,9
scaffold_3,8669930,8670089,160,*,18,2.80373697713109,0.465557025705547,6.26458649321567,0.000492125984251968,0.00403249500528852,31507,31524,18
scaffold_1,6617160,6618272,1113,*,16,5.49035624589977,0.830328273250548,6.20250349217415,0.000492125984251968,0.00403249500528852,735,750,16
scaffold_7,8231392,8231545,154,*,7,0.903359080789047,0.39137287868411,6.13502423488465,0.000492125984251968,0.00403249500528852,51093,51099,7
scaffold_14,14526696,14526906,211,*,5,3.27149726859571,1.56606750622772,6.03929070002406,0.000492125984251968,0.00403249500528852,23439,23443,5
scaffold_1,543726,544151,426,*,7,2.90423268753494,1.0953464415531,5.9693623126993,0.000492125984251968,0.00403249500528852,111,117,7
scaffold_3,2663094,2663150,57,*,5,2.67820628837397,1.13544930619203,5.70740377982663,0.000492125984251968,0.00403249500528852,30425,30429,5
scaffold_10,16876033,16876121,89,*,6,1.58012875481817,0.715912238333661,5.67363343899006,0.000492125984251968,0.00403249500528852,5513,5518,6
scaffold_5,18554606,18555117,512,*,7,1.41718496712446,0.578468834496617,5.64531131316006,0.000492125984251968,0.00403249500528852,45030,45036,7
scaffold_4,13390841,13391129,289,*,7,3.32635019956786,1.07648258384555,5.61288768984159,0.000492125984251968,0.00403249500528852,41007,41013,7
scaffold_14,3866852,3868045,1194,*,11,4.69927745586539,0.799611971397824,5.56591204995564,0.000492125984251968,0.00403249500528852,22131,22141,11
scaffold_6,3711958,3713210,1253,*,10,4.30041562148227,0.850854604748496,5.56443762385104,0.000492125984251968,0.00403249500528852,46683,46692,10
scaffold_7,16204700,16205156,457,*,8,2.95640317560468,0.986215472463587,5.51012073199626,0.000492125984251968,0.00403249500528852,52842,52849,8
scaffold_11,22800611,22801010,400,*,7,0.964084040852603,0.398064982189059,5.49668594271933,0.000492125984251968,0.00403249500528852,12354,12360,7
scaffold_6,7185105,7186112,1008,*,8,2.41131396871046,0.859901037375546,5.49127672623478,0.000492125984251968,0.00403249500528852,47313,47320,8
scaffold_10,2577196,2578072,877,*,10,3.15112454540282,0.882933119373876,5.45900150800017,0.000984251968503937,0.00750492125984252,2983,2992,10
scaffold_4,21054333,21054582,250,*,5,2.03460542283273,0.855798920087254,5.44420127614255,0.000984251968503937,0.00750492125984252,42173,42177,5
scaffold_5,7080666,7081774,1109,*,6,1.595000116946,1.01390348015273,5.42844100460203,0.000984251968503937,0.00750492125984252,43520,43525,6
scaffold_15,412896,412981,86,*,6,3.14222133533502,0.76239403376775,5.37295910219249,0.000984251968503937,0.00750492125984252,24600,24605,6
scaffold_6,9511510,9512222,713,*,9,1.79363185228602,0.483819548762904,5.32303384603911,0.000984251968503937,0.00750492125984252,47696,47704,9
scaffold_13,8698456,8698481,26,*,8,2.28134862846967,0.804253855957152,5.29502847910826,0.00147637795275591,0.0111031711789451,18876,18883,8
scaffold_2,9402550,9403143,594,*,5,1.14392898227741,0.734720564880204,5.23325734175731,0.00196850393700787,0.0146041711002341,27164,27168,5
scaffold_4,14661684,14663125,1442,*,12,5.78524930191392,-0.92289685598762,-5.2225806565185,0.00246062992125984,0.01667760279965,41197,41208,12
scaffold_14,3066269,3066839,571,*,5,0.965430236631667,-0.708309105920038,-5.21661910689314,0.00246062992125984,0.01667760279965,22046,22050,5
scaffold_4,6044285,6046085,1801,*,9,5.05083773403476,1.18284943901446,5.20059469313728,0.00246062992125984,0.01667760279965,34976,34984,9
scaffold_4,10689231,10689535,305,*,6,1.65648489025238,0.738807224328322,5.16716170851406,0.00246062992125984,0.01667760279965,40233,40238,6
scaffold_14,17831595,17832311,717,*,5,2.73641718989747,1.28862581231732,5.15930833633041,0.00246062992125984,0.01667760279965,23726,23730,5
scaffold_981,6866,6985,120,*,16,2.11796018882404,0.54324279086659,5.12657920627167,0.00246062992125984,0.01667760279965,60636,60651,16
scaffold_2222,1901,2441,541,*,15,2.5857852324604,0.574863819477219,5.06595321112601,0.00246062992125984,0.01667760279965,29123,29137,15
scaffold_11,4933593,4933698,106,*,6,0.611407845193452,0.327874606490707,4.99080099472409,0.00295275590551181,0.018421170365068,6503,6508,6
scaffold_8,2550581,2550728,148,*,6,3.18421517156896,1.19409096427814,4.96309824769195,0.00295275590551181,0.018421170365068,53604,53609,6
scaffold_11,16273360,16275082,1723,*,26,6.27454804067302,-0.49698040226714,-4.84003308784475,0.00295275590551181,0.018421170365068,10792,10817,26
scaffold_7,3126554,3127346,793,*,9,3.11194553748992,0.891871844285172,4.80970896661995,0.00295275590551181,0.018421170365068,50285,50293,9
scaffold_12,22395848,22395871,24,*,5,2.07858672593759,1.12374949537035,4.80449924621723,0.00295275590551181,0.018421170365068,16370,16374,5
scaffold_3845,4025,4073,49,*,5,0.763325097183099,0.439182784724831,4.80125895875574,0.00295275590551181,0.018421170365068,33813,33817,5
scaffold_4,801672,801777,106,*,5,1.79884999587238,0.86498321623878,4.79833696131563,0.00295275590551181,0.018421170365068,34172,34176,5
scaffold_8,11839971,11840123,153,*,6,1.0961283240291,-0.533675180255012,-4.6806444526692,0.00393700787401575,0.0242855878970185,55175,55180,6
scaffold_981,6075,6185,111,*,11,1.67239928034402,0.411677920715717,4.65966856712556,0.00442913385826772,0.0267208185515272,60614,60624,11
scaffold_7,8275742,8275866,125,*,8,1.33019722524548,0.426032088393757,4.64528390001115,0.00442913385826772,0.0267208185515272,51142,51149,8
scaffold_2,13386241,13386336,96,*,5,1.23757547960932,0.793458180225583,4.61930041295011,0.00492125984251968,0.0290513081026162,27872,27876,5
scaffold_6,15741504,15742823,1320,*,9,2.92281754646213,0.792217665195711,4.61907426001524,0.00492125984251968,0.0290513081026162,49161,49169,9
scaffold_7,14074010,14074559,550,*,9,2.65110688763255,0.650481002438446,4.60139039569717,0.00541338582677165,0.0316164767967834,52526,52534,9
scaffold_8,10131273,10132879,1607,*,13,2.01675309787556,0.475926074253959,4.55854136814327,0.00688976377952756,0.0363700030284676,54555,54567,13
scaffold_14,9416287,9416371,85,*,6,1.79213183789033,0.895098858345952,4.5416433233465,0.00688976377952756,0.0363700030284676,22912,22917,6
scaffold_3,9193390,9193918,529,*,7,1.89289526701829,0.848977907607765,4.52909969494672,0.00688976377952756,0.0363700030284676,31600,31606,7
scaffold_14,37214,38142,929,*,7,1.71332407884796,0.640027980066312,4.52039172936437,0.00688976377952756,0.0363700030284676,21702,21708,7
scaffold_12,17841304,17841547,244,*,6,1.91213694640262,0.777732512088475,4.49570441474002,0.00688976377952756,0.0363700030284676,15497,15502,6
scaffold_11,13371870,13371985,116,*,7,1.41410316133551,-0.46550882337904,-4.44392981023367,0.00688976377952756,0.0363700030284676,10170,10176,7
scaffold_7,9274310,9276180,1871,*,8,1.49776212324303,0.688350634416838,4.44351736692719,0.00688976377952756,0.0363700030284676,51314,51321,8
scaffold_2649,1463,3051,1589,*,9,4.71744166313347,1.11971383031258,4.41431515948496,0.00688976377952756,0.0363700030284676,29561,29569,9
scaffold_1,9139169,9139206,38,*,5,0.594467204393479,0.508138174837836,4.41032822889944,0.00688976377952756,0.0363700030284676,1134,1138,5
scaffold_3,4799610,4799736,127,*,8,1.7978906722104,-0.509460462535085,-4.40513106242086,0.00688976377952756,0.0363700030284676,30891,30898,8
scaffold_1345,6819,7119,301,*,5,0.825180480852547,0.395373910135622,4.38740980516756,0.00738188976377953,0.0375246062992126,21573,21577,5
scaffold_12,461417,461462,46,*,10,1.73240392625295,-0.704672833772429,-4.38727773540988,0.00738188976377953,0.0375246062992126,12939,12948,10
scaffold_10,992348,992504,157,*,5,0.740587123296218,-0.795358498175832,-4.38178138620462,0.00738188976377953,0.0375246062992126,2811,2815,5
scaffold_11,10266645,10267259,615,*,7,2.63915328326305,0.838339339864823,4.37914825927743,0.00738188976377953,0.0375246062992126,7929,7935,7
scaffold_7,6072163,6072243,81,*,6,1.22334914290497,0.819380218314197,4.35542098528773,0.0078740157480315,0.0385967379077615,50669,50674,6
scaffold_34,58048,58158,111,*,11,1.51290245599803,-0.45310105153403,-4.34994959891975,0.0078740157480315,0.0385967379077615,33470,33480,11
scaffold_7,5821717,5821889,173,*,7,2.05561777477008,0.856087780510958,4.34118044344289,0.0078740157480315,0.0385967379077615,50585,50591,7
scaffold_5,22976863,22977079,217,*,6,2.03570499675457,0.75134891155775,4.31335167604332,0.0078740157480315,0.0385967379077615,45754,45759,6
scaffold_8,17731088,17731645,558,*,5,1.48534734323697,0.906865594509112,4.30275448288262,0.00836614173228347,0.0395949294053761,56342,56346,5
scaffold_8,24244430,24244489,60,*,5,1.05166143210128,-0.968272109796431,-4.30203067257819,0.00836614173228347,0.0395949294053761,57431,57435,5
scaffold_11,6771319,6771351,33,*,8,1.58000606142454,0.744882079406663,4.29680974852788,0.00836614173228347,0.0395949294053761,6970,6977,8
scaffold_8,19988695,19988816,122,*,6,2.11464295748504,0.933337295509219,4.28454655418563,0.00836614173228347,0.0395949294053761,56576,56581,6
scaffold_11,24551470,24552103,634,*,6,1.95407297692344,0.986253615930147,4.27687671869737,0.00885826771653543,0.0401916444328756,12609,12614,6
scaffold_6,6997528,6997558,31,*,5,0.52466486428348,0.659877220269125,4.26481862023803,0.00885826771653543,0.0401916444328756,47287,47291,5
scaffold_5,15781626,15781644,19,*,5,1.09396354788577,-0.6567159615433,-4.25020865217063,0.00885826771653543,0.0401916444328756,44774,44778,5
scaffold_11,22684594,22684667,74,*,6,2.86956691058725,1.04658331425826,4.24666390454961,0.00885826771653543,0.0401916444328756,12273,12278,6
scaffold_10,9363031,9363109,79,*,5,1.59760865364498,-1.11697217354461,-4.2376139236751,0.00885826771653543,0.0401916444328756,3692,3696,5
scaffold_7,13145617,13145710,94,*,5,0.975223559255724,0.545936356157405,4.21774731599573,0.00984251968503937,0.0442913385826772,52343,52347,5
scaffold_11,12358029,12358391,363,*,11,2.17552846800949,0.54971627693445,4.206040762473,0.0103346456692913,0.0461278087190321,8616,8626,11
scaffold_13,4980880,4980909,30,*,5,3.58823074382017,1.05688978016332,4.17704307941242,0.0108267716535433,0.047173790776153,17994,17998,5
scaffold_11,9172475,9172554,80,*,6,1.03263885251486,0.332487175726769,4.17116958618541,0.0108267716535433,0.047173790776153,7642,7647,6
scaffold_3,1820608,1820703,96,*,7,3.10257640028351,0.913756096126316,4.15351872890208,0.0108267716535433,0.047173790776153,30110,30116,7
scaffold_5,24051757,24051845,89,*,5,0.636641053734888,0.383573298185522,4.12404037346026,0.0118110236220472,0.050658218503937,46030,46034,5
scaffold_1,2240393,2240891,499,*,5,1.47970282962468,-0.671795945198726,-4.09708604613926,0.0118110236220472,0.050658218503937,282,286,5
scaffold_12,100983,101017,35,*,5,1.81188081723012,-0.929496504050853,-4.09228999487107,0.0123031496062992,0.0523599157663432,12893,12897,5
scaffold_9,6513254,6513299,46,*,6,1.24550382429964,0.643922357325169,4.08830941078257,0.0127952755905512,0.0540354330708661,58747,58752,6
scaffold_3,8581257,8581426,170,*,6,1.06064933492497,0.524652490948446,4.07697038722769,0.0142716535433071,0.0593571045096636,31431,31436,6
scaffold_11,11854274,11855051,778,*,8,0.926172537404899,0.561539563632998,4.06904255814875,0.0142716535433071,0.0593571045096636,8255,8262,8
scaffold_6,15737072,15737686,615,*,14,1.82309010186066,0.374785000056115,4.04712457865003,0.0147637795275591,0.0598249437570304,49099,49112,14
scaffold_4,778290,778421,132,*,5,1.41246399124495,0.807550341405575,4.03945887043723,0.015255905511811,0.0598249437570304,34161,34165,5
scaffold_8,11151632,11151690,59,*,7,1.34869314011736,0.57895605727752,4.02768901621576,0.015255905511811,0.0598249437570304,54900,54906,7
scaffold_11,2557968,2558018,51,*,5,1.57869976889433,0.779251773599663,4.02476367381348,0.015255905511811,0.0598249437570304,5969,5973,5
scaffold_6,16908268,16908388,121,*,6,1.52141135666672,0.688845611580773,4.01982304662116,0.015255905511811,0.0598249437570304,49491,49496,6
scaffold_11,10656726,10657099,374,*,5,1.71206507249388,-0.917634835021152,-4.01417942803447,0.015255905511811,0.0598249437570304,8034,8038,5
scaffold_7,10784429,10785164,736,*,5,3.3153502128563,1.00193598479256,4.01318048284011,0.015255905511811,0.0598249437570304,51659,51663,5
scaffold_4,19495139,19495270,132,*,5,1.09913606623915,0.834919700687241,3.99319913537901,0.015255905511811,0.0598249437570304,42021,42025,5
scaffold_6,5778641,5778760,120,*,6,1.53597225828662,0.747277048766442,3.9632412987264,0.0167322834645669,0.0646903071975158,47018,47023,6
scaffold_5,8205498,8206051,554,*,11,2.08483170658083,-0.569599116244189,-3.95725912691057,0.0167322834645669,0.0646903071975158,43653,43663,11
scaffold_4,7619887,7619964,78,*,7,2.84378275143553,0.812197805124117,3.94982409301329,0.0172244094488189,0.065668061023622,35840,35846,7
scaffold_11,11174683,11175086,404,*,9,1.20932884900732,-0.469010946956049,-3.9472294010377,0.0172244094488189,0.065668061023622,8116,8124,9
scaffold_3,6453375,6453881,507,*,6,1.66338897991746,-0.972185119623977,-3.94553779236484,0.0177165354330709,0.0657187699510534,31153,31158,6
scaffold_8,21908358,21908402,45,*,6,1.04895540851255,0.529045678916306,3.94315671302498,0.0177165354330709,0.0657187699510534,56894,56899,6
scaffold_8,624409,624523,115,*,5,1.78738874632602,0.936616941273302,3.93936028611629,0.0177165354330709,0.0657187699510534,53436,53440,5
scaffold_12,17390476,17390595,120,*,7,1.30969926892847,0.366103542631317,3.93597445061517,0.0177165354330709,0.0657187699510534,15198,15204,7
scaffold_2,13399191,13399608,418,*,20,2.30228929458589,-0.325304484263912,-3.92511759519366,0.0182086614173228,0.0658123864324652,27948,27967,20
scaffold_2356,1370,1431,62,*,5,1.94941467652108,0.626331696443319,3.92082225972902,0.0187007874015748,0.0658123864324652,29302,29306,5
scaffold_13,2714691,2714801,111,*,5,0.842018747327034,0.867839334711926,3.92060582130176,0.0187007874015748,0.0658123864324652,17407,17411,5
scaffold_319,12462,12510,49,*,5,1.12523850186288,0.526887132511073,3.91960778608439,0.0187007874015748,0.0658123864324652,33193,33197,5
scaffold_5,23299392,23300911,1520,*,7,1.23043740045198,-0.621037021619777,-3.90541927279202,0.0187007874015748,0.0658123864324652,45855,45861,7
scaffold_7,14666853,14667953,1101,*,6,1.69519822857043,0.757622850727613,3.9044320884923,0.0187007874015748,0.0658123864324652,52616,52621,6
scaffold_13,9953116,9953174,59,*,5,2.27442268604035,1.09783852254555,3.90271806785886,0.0187007874015748,0.0658123864324652,19476,19480,5
scaffold_2,11219005,11220289,1285,*,12,4.63868224230595,-0.83958456845793,-3.89881024210805,0.0187007874015748,0.0658123864324652,27489,27500,12
scaffold_4,3180987,3182191,1205,*,9,2.88850762995255,0.952473281027191,3.86008777392681,0.0196850393700787,0.0688349465870906,34549,34557,9
scaffold_7,16846993,16847692,700,*,15,2.84071175644962,-0.476557889363494,-3.85880388996865,0.0201771653543307,0.0701092644273896,52961,52975,15
scaffold_11,12718230,12719021,792,*,6,1.86670827599994,0.652446225635299,3.82658520678994,0.0211614173228346,0.0730667805675234,9113,9118,6
scaffold_11,8946773,8946955,183,*,5,0.581277580939487,0.573012571162048,3.77006604640298,0.0231299212598425,0.0783847331583552,7201,7205,5
scaffold_11,19374025,19374086,62,*,5,0.756011396085624,0.393585559121114,3.76397632616756,0.0231299212598425,0.0783847331583552,11471,11475,5
scaffold_9,9123565,9124373,809,*,6,1.43121401008503,-0.64894661731426,-3.76039110706712,0.0231299212598425,0.0783847331583552,59666,59671,6
scaffold_7,12797290,12797405,116,*,5,1.90138133726713,1.03184445836422,3.74403403528879,0.0236220472440945,0.0795613738466741,52242,52246,5
scaffold_12,18860433,18861408,976,*,5,1.03179567061419,0.615945887005606,3.71464417378079,0.0255905511811024,0.0841270215474563,15770,15774,5
scaffold_10,11298603,11298718,116,*,9,2.7632128210076,0.67944990481041,3.7104184016529,0.0255905511811024,0.0841270215474563,4062,4070,9
scaffold_7,13384629,13384777,149,*,8,1.59599235218519,-0.659586532917276,-3.70503365486933,0.0255905511811024,0.0841270215474563,52394,52401,8
scaffold_6,5611205,5611277,73,*,5,1.65790483302248,-0.707629832803199,-3.70261326516678,0.0255905511811024,0.0841270215474563,46974,46978,5
scaffold_1,12674557,12675166,610,*,7,2.10643326832035,-0.765375435802977,-3.69755614520564,0.0260826771653543,0.08523446287964,1915,1921,7
scaffold_7,4967850,4968250,401,*,5,1.23991953553218,-0.596404493827969,-3.67693756398418,0.0275590551181102,0.0895261613008433,50448,50452,5
scaffold_4,13387462,13387770,309,*,7,1.97157212348731,0.820321475372939,3.66959908062377,0.0280511811023622,0.0905707542949177,40989,40995,7
scaffold_186,47391,47409,19,*,6,0.901395925197339,0.504088410072672,3.66049596674469,0.0285433070866142,0.0905707542949177,25392,25397,6
scaffold_8,10729069,10729388,320,*,5,0.58427182223188,0.724014834304383,3.65098344037279,0.0285433070866142,0.0905707542949177,54764,54768,5
scaffold_6,5474386,5475058,673,*,10,1.22107851503226,0.396385003378343,3.65040380504886,0.0290354330708661,0.0905707542949177,46814,46823,10
scaffold_7,12267311,12267343,33,*,7,1.12678850831543,0.520877342437405,3.64983319663434,0.0290354330708661,0.0905707542949177,52097,52103,7
scaffold_13,10228451,10228521,71,*,5,1.0839954845798,0.583663355533345,3.64784986800431,0.0290354330708661,0.0905707542949177,19516,19520,5
scaffold_11,10006800,10006900,101,*,6,0.892627655097783,0.593370130299738,3.64097636734451,0.0290354330708661,0.0905707542949177,7852,7857,6
scaffold_12,20789201,20789484,284,*,6,1.03980053461563,0.57642359070009,3.61755960257245,0.0300196850393701,0.092588803857383,16201,16206,6
scaffold_14,12465682,12465733,52,*,7,3.03986440962411,-0.938857288292457,-3.61681647340286,0.0300196850393701,0.092588803857383,23238,23244,7
scaffold_13,7946205,7946727,523,*,5,1.69128488929804,0.780450364510122,3.60766346384102,0.031496062992126,0.0965996568864646,18517,18521,5
scaffold_2,3254898,3255748,851,*,6,2.50821498139265,0.909115411254706,3.58962680132089,0.031988188976378,0.0970249488841519,25867,25872,6
scaffold_6,7505002,7505015,14,*,5,1.138954502178,0.773113681491031,3.58869251180791,0.031988188976378,0.0970249488841519,47344,47348,5
scaffold_13,15632992,15633594,603,*,7,0.888606986159527,-0.617630433312248,-3.58744564221888,0.0324803149606299,0.0972065991751031,20932,20938,7
scaffold_3,8578789,8579134,346,*,5,1.73968482695367,0.743287234663428,3.5848185776981,0.0324803149606299,0.0972065991751031,31422,31426,5
scaffold_7,9603964,9604019,56,*,7,0.802735096312441,0.339602691686575,3.56556166201256,0.0329724409448819,0.0972065991751031,51406,51412,7
scaffold_6,13243651,13244320,670,*,6,1.90999075155123,0.882622072843899,3.56483941081907,0.0329724409448819,0.0972065991751031,48560,48565,6
scaffold_13,12207922,12207984,63,*,5,0.891715042507213,0.469488649190235,3.54938442438647,0.0329724409448819,0.0972065991751031,20082,20086,5
scaffold_12,2887162,2887954,793,*,9,2.18053803653894,0.562063398414922,3.54213031047542,0.0334645669291339,0.0972065991751031,13228,13236,9
scaffold_13,7098598,7098651,54,*,6,1.07083137657515,-0.413871992176963,-3.53637208848846,0.0334645669291339,0.0972065991751031,18330,18335,6
scaffold_11,11986936,11986997,62,*,5,0.769988844907195,0.323115908201384,3.53625361994018,0.0334645669291339,0.0972065991751031,8414,8418,5
scaffold_12,13662772,13663011,240,*,7,1.08090245052413,1.00452526549368,3.51265013346094,0.0359251968503937,0.103804910899295,14565,14571,7
scaffold_3,8361625,8362753,1129,*,5,2.55410309806645,0.873727007014166,3.49671675423788,0.0369094488188976,0.105537955216535,31325,31329,5
scaffold_10,15209776,15210357,582,*,5,1.24324675194728,0.602714551878279,3.49222829543647,0.0369094488188976,0.105537955216535,5333,5337,5
scaffold_10,11297766,11298161,396,*,13,2.04171156350067,-0.339037297690614,-3.48871147150352,0.0374015748031496,0.105842600860459,4039,4051,13
scaffold_1247,6375,7099,725,*,10,2.48652533491472,-0.715956838397941,-3.47596948623614,0.0374015748031496,0.105842600860459,16807,16816,10
scaffold_11,19216381,19216410,30,*,5,1.01809487845224,0.88641717223895,3.44607091240661,0.0378937007874016,0.106141029246344,11388,11392,5
scaffold_1355,2013,2669,657,*,5,0.888191261028051,-0.724257022980727,-3.44399475764621,0.0378937007874016,0.106141029246344,21615,21619,5
scaffold_11,22496991,22497052,62,*,5,1.77802486422478,0.966498336055831,3.42360993941433,0.0393700787401575,0.109716615372317,12102,12106,5
scaffold_10,10139191,10140306,1116,*,5,2.67325003149326,-0.661941483386447,-3.38901181659785,0.0447834645669291,0.12293061023622,3828,3832,5
scaffold_6,11792797,11792910,114,*,5,1.2093626759034,0.643928492965999,3.38736419434234,0.0447834645669291,0.12293061023622,48031,48035,5
scaffold_9,7059968,7061286,1319,*,7,0.980906852221302,-0.62562398269867,-3.38362889240686,0.0447834645669291,0.12293061023622,59180,59186,7
scaffold_2,8393485,8393535,51,*,5,1.16891221792907,0.657357842999308,3.37277573599944,0.046259842519685,0.126351510165707,26956,26960,5
scaffold_11,9245108,9245224,117,*,6,1.51583147113596,0.584303439409486,3.36163515771183,0.046751968503937,0.12706351835971,7703,7708,6
scaffold_7,15660654,15660679,26,*,8,1.35192873046793,0.576391117967058,3.3467263514234,0.0482283464566929,0.129790991199629,52723,52730,8
scaffold_7,8358235,8358869,635,*,6,2.14034830014068,0.732090184233649,3.34647254948619,0.0482283464566929,0.129790991199629,51179,51184,6
scaffold_4,11735344,11735428,85,*,7,0.91408181416819,0.472608629740523,3.34167828697198,0.0492125984251969,0.131153963764238,40578,40584,7
scaffold_11,19241435,19242173,739,*,5,0.777055178335163,0.471346405180712,3.34097758001273,0.0492125984251969,0.131153963764238,11422,11426,5
scaffold_10,13947177,13947709,533,*,8,2.63727919013439,0.926097207299368,3.30644721339623,0.0531496062992126,0.140961999315303,4892,4899,8
scaffold_5,23630167,23630257,91,*,7,0.80567319140781,0.324581490441621,3.27649646742516,0.0585629921259843,0.154386951631046,45948,45954,7
scaffold_9,4097697,4097728,32,*,5,0.987191690572983,0.518853990891372,3.27265741248077,0.0590551181102362,0.154386951631046,58414,58418,5
scaffold_12,14907071,14907145,75,*,5,1.20680011566476,0.631284657164083,3.26671278803645,0.0590551181102362,0.154386951631046,14893,14897,5
scaffold_9,10361729,10361819,91,*,6,0.783921966703327,0.681420698353091,3.25469332694313,0.0610236220472441,0.158028153320458,60030,60035,6
scaffold_11,12175449,12175510,62,*,5,1.22074217426552,0.528641955493231,3.25451304650484,0.0610236220472441,0.158028153320458,8539,8543,5
scaffold_2,13401300,13401569,270,*,5,0.654053395829637,-0.832115115230991,-3.24651596038017,0.062992125984252,0.16010498687664,28002,28006,5
scaffold_11,23522927,23523010,84,*,5,1.9051343596996,0.809311085625643,3.23852600757998,0.062992125984252,0.16010498687664,12481,12485,5
scaffold_13,8431649,8433352,1704,*,5,1.64209298429595,0.672741374249865,3.23512295387077,0.062992125984252,0.16010498687664,18671,18675,5
scaffold_4,11863007,11863054,48,*,6,0.68602810568052,0.455161164790218,3.23487216274895,0.062992125984252,0.16010498687664,40685,40690,6
scaffold_11,22426616,22427071,456,*,5,0.860901645450661,0.52425849778408,3.21307234564832,0.0669291338582677,0.169327624369534,12032,12036,5
scaffold_10,865588,865931,344,*,8,0.882918741704713,0.562488524570877,3.20904049752715,0.0674212598425197,0.169474767358626,2775,2782,8
scaffold_4,1702838,1703155,318,*,5,0.889821041007844,0.77545399861802,3.2010712639442,0.0679133858267717,0.169474767358626,34312,34316,5
scaffold_11,13069960,13072032,2073,*,8,0.958027602473247,0.382122907837801,3.19913912976579,0.0679133858267717,0.169474767358626,9717,9724,8
scaffold_7,8360500,8361498,999,*,9,2.60750613144379,0.652762435509331,3.18953251645609,0.0698818897637795,0.170511811023622,51185,51193,9
scaffold_13,8834376,8834623,248,*,6,1.19983279163022,0.481763781168406,3.1884907844596,0.0698818897637795,0.170511811023622,18974,18979,6
scaffold_2,13397042,13397495,454,*,11,1.22745616278198,0.387724049263841,3.18718937115617,0.0698818897637795,0.170511811023622,27897,27907,11
scaffold_8,23115619,23115956,338,*,5,1.351367931175,0.752794879942318,3.18633028103141,0.0698818897637795,0.170511811023622,57146,57150,5
scaffold_8,21284841,21285256,416,*,5,0.711395735711454,0.739328311951819,3.18537913146589,0.0698818897637795,0.170511811023622,56810,56814,5
scaffold_5,21711851,21711947,97,*,5,1.14843533250508,0.496673397015874,3.1605033284702,0.0733267716535433,0.17656314753419,45580,45584,5
scaffold_11,22449320,22449624,305,*,6,1.44978872551024,0.652277857653654,3.15843557839083,0.0733267716535433,0.17656314753419,12048,12053,6
scaffold_8,8934197,8934344,148,*,5,2.75130160689935,-0.92108644796682,-3.15807997203253,0.0733267716535433,0.17656314753419,54353,54357,5
scaffold_3,10387941,10388842,902,*,5,1.27872950380828,-0.704512792740147,-3.1331323032726,0.0772637795275591,0.183902104148746,31930,31934,5
scaffold_1,13215512,13215926,415,*,16,3.04617844138111,0.275030118608655,3.13240519964357,0.0772637795275591,0.183902104148746,2231,2246,16
scaffold_2,9944412,9944527,116,*,5,1.17849369078685,0.697059988022156,3.12844616622675,0.077755905511811,0.183902104148746,27269,27273,5
scaffold_10,10986113,10986239,127,*,7,1.80552956841725,-0.601203867895829,-3.12804322112243,0.077755905511811,0.183902104148746,3948,3954,7
scaffold_8,13989964,13989989,26,*,5,1.18554115648976,0.769682769694205,3.11617622243948,0.078740157480315,0.183902104148746,55923,55927,5
scaffold_2,8430295,8430315,21,*,5,1.28401197785591,-0.808659252830939,-3.11604553665279,0.078740157480315,0.183902104148746,26976,26980,5
scaffold_11,16262658,16263216,559,*,6,1.24402062640111,0.787316816207289,3.11582063517083,0.0792322834645669,0.183902104148746,10775,10780,6
scaffold_3,12406683,12408143,1461,*,9,2.22483316583298,-0.55939328423991,-3.11407800494653,0.0797244094488189,0.183902104148746,32249,32257,9
scaffold_8,24248308,24248411,104,*,6,1.40488612740013,0.836950379126166,3.10384238787169,0.0797244094488189,0.183902104148746,57440,57445,6
scaffold_13,13071197,13071554,358,*,6,1.11104400839743,0.542855922922267,3.10353743308928,0.0797244094488189,0.183902104148746,20592,20597,6
scaffold_12,7214086,7214741,656,*,11,1.62083703291192,-0.432368630015629,-3.0984814662549,0.0802165354330709,0.184263087668435,13748,13758,11
scaffold_8,21393690,21393740,51,*,5,1.29879947370173,0.748767912374053,3.0912097420652,0.0816929133858268,0.186872539370079,56846,56850,5
scaffold_9,6733356,6733453,98,*,8,1.12464255921838,0.428018140229123,3.08603524672015,0.0826771653543307,0.18756100735342,58857,58864,8
scaffold_13,4211632,4211903,272,*,10,1.78055255143321,0.470903149231812,3.08536974796096,0.0826771653543307,0.18756100735342,17813,17822,10
scaffold_8,11433344,11434203,860,*,5,1.16698612744312,0.67693483480285,3.07506660688167,0.0841535433070866,0.189345472440945,54970,54974,5
scaffold_2,10498237,10498453,217,*,7,0.83744136144106,0.382822253462993,3.06972001121595,0.0841535433070866,0.189345472440945,27367,27373,7
scaffold_13,9844588,9844629,42,*,5,1.29406515622811,-0.866547765485541,-3.06177797194584,0.0851377952755906,0.190778161658364,19447,19451,5
scaffold_9,3948662,3948957,296,*,6,1.29919635267022,-0.584624140457266,-3.05978789457021,0.0861220472440945,0.192199202995967,58358,58363,6
scaffold_11,9150555,9150658,104,*,5,0.922940991510957,-0.645014054746567,-3.05170359288076,0.0885826771653543,0.196393843088891,7621,7625,5
scaffold_12,6550754,6551182,429,*,5,1.10869439614562,-0.577356107817114,-3.04673606314107,0.0890748031496063,0.196393843088891,13673,13677,5
scaffold_1,9213582,9213675,94,*,6,1.95165354783991,0.405129558124977,3.0433415760318,0.0890748031496063,0.196393843088891,1147,1152,6
scaffold_8,10817195,10817753,559,*,10,1.68138590062101,0.369883740317121,3.0068750668265,0.093011811023622,0.204253937007874,54828,54837,10
scaffold_2,13406328,13407033,706,*,6,1.46332638888409,0.710685736150022,2.99310947816095,0.0959645669291339,0.209307211104541,28039,28044,6
scaffold_6,7313490,7313560,71,*,5,1.38215707301478,-0.721073859208818,-2.98942495013189,0.0964566929133858,0.209307211104541,47330,47334,5
scaffold_14,9634162,9635231,1070,*,6,1.01252907543695,0.389041931595899,2.98330351741013,0.0964566929133858,0.209307211104541,22959,22964,6
scaffold_10,15737074,15737490,417,*,6,1.58802752143732,0.623266301053977,2.97648967527754,0.0969488188976378,0.209546856593713,5393,5398,6
scaffold_13,12955590,12956081,492,*,5,0.888826986367229,-0.699106517553443,-2.95953655517293,0.102854330708661,0.221439323761,20535,20539,5
scaffold_9,3796398,3796441,44,*,5,0.527039328617896,-0.469231115317739,-2.95497542302864,0.103838582677165,0.22268508550689,58313,58317,5
scaffold_11,22430170,22430330,161,*,5,1.82247292957414,0.350850762869209,2.95009821106798,0.104330708661417,0.222869879591899,12038,12042,5
scaffold_10,11566341,11566412,72,*,6,1.46232855737892,-1.01916759933443,-2.9418588078536,0.104822834645669,0.223053241164622,4101,4106,6
scaffold_11,4880979,4882027,1049,*,6,0.687452831648521,0.291665465914585,2.92864325165552,0.108267716535433,0.229494117289393,6462,6467,6
scaffold_6,13032920,13033554,635,*,5,1.36623650117614,-0.62420143491734,-2.92781505737638,0.108759842519685,0.229650590551181,48427,48431,5
scaffold_11,19015759,19015825,67,*,5,0.997960121951313,0.476003554162045,2.92327180023456,0.109744094488189,0.230841026337225,11225,11229,5
scaffold_8,11604298,11605050,753,*,5,1.46574299198927,0.800426719545,2.91848005469382,0.111712598425197,0.234084795936767,55049,55053,5
scaffold_7,15695438,15695548,111,*,5,0.969330810762181,0.488985601745338,2.89179476820911,0.116633858267717,0.24346763569953,52738,52742,5
scaffold_9,10924639,10924959,321,*,11,1.78417569356451,0.424331722699259,2.88134489545384,0.118110236220472,0.24468875352845,60167,60177,11
scaffold_3,17144725,17144785,61,*,6,0.681996260838713,0.39327591188818,2.88032973270761,0.118110236220472,0.24468875352845,32851,32856,6
scaffold_4,4556062,4556906,845,*,12,1.55296125023598,0.305755908878693,2.87194548731509,0.12007874015748,0.247831685512995,34749,34760,12
scaffold_11,13574487,13574623,137,*,6,1.1253504270246,0.411540188068587,2.86853626487954,0.121555118110236,0.249006566576566,10379,10384,6
scaffold_8,2548359,2548422,64,*,8,1.09905870874653,0.422158527313847,2.86823933399624,0.121555118110236,0.249006566576566,53591,53598,8
scaffold_11,14318620,14319306,687,*,5,1.29227387293433,0.74027697210093,2.86168786350444,0.123031496062992,0.251094019846032,10450,10454,5
scaffold_2450,1225,2457,1233,*,9,0.958813940800532,0.40813354475624,2.85687100787758,0.125492125984252,0.255167322834646,29370,29378,9
scaffold_4,11930414,11930515,102,*,6,1.8334840222846,0.67374688038949,2.84613819865323,0.129429133858268,0.262201455675974,40756,40761,6
scaffold_13,2674789,2674858,70,*,5,0.954937580660272,-0.399773749050667,-2.84151926642855,0.12992125984252,0.262230778138027,17377,17381,5
scaffold_8,9225639,9225886,248,*,5,1.03222178065794,0.576122566762624,2.83614706123173,0.131397637795276,0.262317465998568,54417,54421,5
scaffold_4,16391913,16391971,59,*,5,1.01282548270708,0.557502935042426,2.83542807388811,0.131397637795276,0.262317465998568,41524,41528,5
scaffold_728,9165,9213,49,*,5,0.726867130698908,0.402654194430462,2.82994586545959,0.131397637795276,0.262317465998568,53258,53262,5
scaffold_11,5310955,5312866,1912,*,8,1.77285911205899,0.530411211504079,2.82664863996796,0.132874015748032,0.263349583558373,6593,6600,8
scaffold_11,19124236,19124280,45,*,7,1.48239269520889,0.527030944581805,2.82651023921934,0.132874015748032,0.263349583558373,11336,11342,7
scaffold_3,6247632,6248683,1052,*,6,3.26256864188238,0.531734774526559,2.82314014333413,0.133858267716535,0.264346003512151,31090,31095,6
scaffold_7,10473431,10474360,930,*,5,1.45008202377894,0.835338716930979,2.82133099108889,0.134350393700787,0.264366903733808,51601,51605,5
scaffold_6,13253642,13254153,512,*,5,0.664296083000341,0.483333259952069,2.81463574250323,0.134842519685039,0.264387654668166,48575,48579,5
scaffold_6,17594914,17595473,560,*,11,1.44133173720665,0.434382841642268,2.79152062784408,0.141240157480315,0.275946072799619,49658,49668,11
scaffold_8,10282034,10282112,79,*,5,0.754628933612841,0.436414289499018,2.78355557336454,0.143208661417323,0.278799840844363,54657,54661,5
scaffold_2,9699904,9700143,240,*,6,0.843980646729672,0.385363723010664,2.77623624044415,0.145669291338583,0.279558316929134,27229,27234,6
scaffold_12,11623988,11624039,52,*,6,0.879137773972882,-0.570330739209405,-2.7717391837095,0.146653543307087,0.279558316929134,14359,14364,6
scaffold_9,9182848,9183110,263,*,5,0.968662144794385,-0.525783708241568,-2.77010329203379,0.146653543307087,0.279558316929134,59736,59740,5
scaffold_4,8931358,8931514,157,*,7,0.757873463394391,0.504042023847973,2.76840743748188,0.146653543307087,0.279558316929134,39781,39787,7
scaffold_3,12803888,12804042,155,*,5,1.05609767689052,0.579390583618701,2.7665671625493,0.146653543307087,0.279558316929134,32310,32314,5
scaffold_5,11473589,11473651,63,*,5,0.954143414078449,0.52884634629378,2.76472026112489,0.146653543307087,0.279558316929134,44106,44110,5
scaffold_13,12440528,12440754,227,*,6,0.977121482063912,-0.54745063711589,-2.75508242514224,0.149114173228346,0.283265332534125,20357,20362,6
scaffold_7,8164302,8164353,52,*,7,0.730202395606776,-0.262338724009205,-2.75104630507449,0.150590551181102,0.285032267229483,50968,50974,7
scaffold_8,689579,690157,579,*,8,1.36107394091671,0.485721348316098,2.74910770173443,0.151082677165354,0.285032267229483,53451,53458,8
scaffold_6,17593620,17593789,170,*,8,0.862381119139972,-0.366397575503696,-2.74355762776431,0.15255905511811,0.286831922122748,49633,49640,8
scaffold_8,5513468,5513552,85,*,5,1.58131372118318,0.604169312438913,2.73610743560507,0.155511811023622,0.291385611781462,53934,53938,5
scaffold_11,19232623,19234240,1618,*,7,1.01302038338005,0.578732795705764,2.73463857523434,0.15748031496063,0.294070384059135,11398,11404,7
scaffold_12,18876519,18877208,690,*,5,0.865702957932422,0.564770639100914,2.72572021350885,0.159448818897638,0.29573446477974,15783,15787,5
scaffold_7,16848002,16848253,252,*,6,1.93982004681141,0.620603780129998,2.72503795883267,0.159448818897638,0.29573446477974,52979,52984,6
scaffold_8,10824690,10825162,473,*,9,1.85084447101578,0.45222074415363,2.71567233754579,0.161909448818898,0.299287162968265,54863,54871,9
scaffold_7,8265439,8265473,35,*,6,1.12635267972409,-0.536747512597372,-2.70764927528021,0.163385826771654,0.30100274797865,51130,51135,6
scaffold_11,12440039,12440365,327,*,6,1.19797807546476,0.466677052256086,2.70174030728529,0.165354330708661,0.30361046006373,8656,8661,6
scaffold_9,6780329,6780724,396,*,14,2.53986171109837,0.33639646420874,2.67755983841567,0.170767716535433,0.311466698930076,58907,58920,14
scaffold_11,9225358,9225419,62,*,5,0.916714009007615,0.454739979781612,2.67575165962254,0.170767716535433,0.311466698930076,7675,7679,5
scaffold_5,17720490,17721438,949,*,11,1.52036940486843,0.315720005948525,2.66171173450724,0.173720472440945,0.315803110496949,44926,44936,11
scaffold_12,15104573,15104766,194,*,5,1.15291872393637,0.683596050222018,2.65145636023798,0.175196850393701,0.317435877446012,14929,14933,5
scaffold_12,12703629,12703793,165,*,6,1.1728949767291,0.545687835726267,2.64319460306875,0.178149606299213,0.320669291338583,14482,14487,6
scaffold_14,13406357,13406882,526,*,5,0.889021325820265,0.828122953688644,2.64244332545459,0.178149606299213,0.320669291338583,23314,23318,5
scaffold_8,20142736,20143153,418,*,8,1.02401526716072,-0.42872318667267,-2.63681728737129,0.179133858267717,0.321387216303844,56664,56671,8
scaffold_13,9269007,9269830,824,*,5,0.758114122046692,0.401747740480467,2.61993301901626,0.183070866141732,0.327380799712739,19271,19275,5
scaffold_8,17933731,17933767,37,*,5,1.43781837397399,0.652820553336164,2.61636352218336,0.18503937007874,0.329826669393599,56373,56377,5
scaffold_7,9741217,9741325,109,*,5,0.623084135586134,-0.539604530226963,-2.61123091334053,0.186023622047244,0.329927884615385,51444,51448,5
scaffold_1,12482988,12483326,339,*,5,1.13213792978118,0.490821156574507,2.60915535514169,0.187007874015748,0.329927884615385,1819,1823,5
scaffold_3,16629173,16629538,366,*,5,1.36028304705596,0.697725647958131,2.60894572339209,0.187007874015748,0.329927884615385,32791,32795,5
scaffold_6,7743068,7744387,1320,*,5,2.32625385135811,0.7205286425134,2.60520082299865,0.1875,0.329927884615385,47374,47378,5
scaffold_8,9655681,9656636,956,*,6,1.16194883858778,0.390453617967256,2.59885055547725,0.188484251968504,0.330600173580539,54488,54493,6
scaffold_3,17555359,17556368,1010,*,5,1.36816488753792,0.629571810272419,2.5924833432715,0.189468503937008,0.331268180450374,32946,32950,5
scaffold_13,9315186,9315234,49,*,5,1.44945114638413,0.605116897978547,2.57554341205505,0.192913385826772,0.334099207630592,19330,19334,5
scaffold_2,9974378,9974446,69,*,5,0.575385524415375,0.440349743639384,2.57445575658648,0.192913385826772,0.334099207630592,27311,27315,5
scaffold_4,18780409,18780531,123,*,5,1.00185857509761,0.680885244903443,2.57262672031951,0.192913385826772,0.334099207630592,41938,41942,5
scaffold_7,4457737,4457923,187,*,5,0.654435966600305,0.415085583533917,2.56925943957773,0.193897637795276,0.334545392836867,50412,50416,5
scaffold_12,18110358,18110465,108,*,5,0.846220653538129,-0.573537676869674,-2.56463203207718,0.194389763779528,0.334545392836867,15529,15533,5
scaffold_3,9746689,9746732,44,*,5,0.92983347526006,0.456859982339247,2.55479362059522,0.196850393700787,0.337511038339834,31701,31705,5
scaffold_4,11299246,11299306,61,*,5,0.838795053317432,0.517539223681915,2.54983888847129,0.197342519685039,0.337511038339834,40383,40387,5
scaffold_14,12963684,12963799,116,*,5,0.76941986334274,0.553458285123903,2.54460968484468,0.198326771653543,0.33814098645278,23283,23287,5
scaffold_5,3990436,3990880,445,*,6,1.40979919865738,-0.544362314064033,-2.53752175808755,0.202755905511811,0.343558617672791,42997,43002,6
scaffold_11,12407573,12407634,62,*,5,0.675867997005055,0.350435489299486,2.53362402013327,0.202755905511811,0.343558617672791,8641,8645,5
scaffold_12,23803893,23803933,41,*,6,1.19054122948069,0.536516322427786,2.52500993822678,0.204724409448819,0.344311143652775,16537,16542,6
scaffold_1,4410938,4411087,150,*,5,1.85610655133134,-0.688594766716705,-2.52087088352081,0.205708661417323,0.344311143652775,446,450,5
scaffold_6,9166787,9166873,87,*,5,0.913126331162303,0.399454797966796,2.51986539337322,0.205708661417323,0.344311143652775,47676,47680,5
scaffold_11,12339305,12339327,23,*,5,2.05524039988884,0.434667944655757,2.51810690004601,0.205708661417323,0.344311143652775,8606,8610,5
scaffold_7,8247264,8247312,49,*,5,0.933839837903421,0.347616879945,2.50945989573528,0.208661417322835,0.348191848359381,51117,51121,5
scaffold_1,13286684,13286969,286,*,7,1.30273676775754,0.322229191406963,2.50711883067435,0.209645669291339,0.348774158911954,2342,2348,7
scaffold_1,12669975,12670495,521,*,7,0.956697462500431,0.428511394882366,2.49682008252856,0.213090551181102,0.352369616260317,1900,1906,7
scaffold_10,9160691,9160755,65,*,7,0.950829382837854,0.457836713475366,2.49673907703195,0.213090551181102,0.352369616260317,3641,3647,7
scaffold_7,5901707,5903097,1391,*,10,1.66558159077458,0.282497150955424,2.48421742137276,0.215551181102362,0.35536816343903,50623,50632,10
scaffold_1,11705403,11705492,90,*,5,0.533415467541173,-0.410588217561031,-2.47574349065031,0.218011811023622,0.356505963751572,1602,1606,5
scaffold_186,3377,3449,73,*,8,1.02797532800236,0.321795077683602,2.47397116145277,0.218011811023622,0.356505963751572,25351,25358,8
scaffold_4,20453095,20453146,52,*,5,0.94042408816241,0.431931826290574,2.4714380178362,0.218503937007874,0.356505963751572,42111,42115,5
scaffold_1,10132369,10132417,49,*,5,0.752041449766469,-0.550298278444208,-2.46949622291534,0.218996062992126,0.356505963751572,1347,1351,5
scaffold_13,15639474,15640515,1042,*,6,1.05085374643234,-0.513227500034517,-2.46361886062883,0.219488188976378,0.356505963751572,20959,20964,6
scaffold_11,9259521,9260306,786,*,6,0.777525167479176,-0.361072275164038,-2.45860396021056,0.220964566929134,0.357845272106473,7722,7727,6
scaffold_4,4035685,4036499,815,*,7,1.31637453283777,0.56832081874479,2.45010809646787,0.223425196850394,0.360765979620195,34653,34659,7
scaffold_8,10139134,10139243,110,*,7,0.817266051477767,-0.449228401188456,-2.42675055607921,0.228838582677165,0.36842340730136,54604,54610,7
scaffold_4106,3124,3218,95,*,5,1.09953311976929,0.517409552265726,2.42507416612319,0.229822834645669,0.368926129299627,42277,42281,5
scaffold_7,7475011,7475209,199,*,5,1.30790430493665,-0.677993577377516,-2.41072070283578,0.235236220472441,0.376515116732857,50834,50838,5
scaffold_2,15718990,15719058,69,*,5,0.809336638658606,-0.563622827312523,-2.39860419558115,0.238681102362205,0.380918387200146,28591,28595,5
scaffold_11,23225557,23225621,65,*,11,3.89702297384106,0.356351587893918,2.39463909143855,0.240157480314961,0.381839982249329,12427,12437,11
scaffold_2,16813781,16813866,86,*,7,1.10484523610947,-0.537155572058713,-2.39164264499143,0.240649606299213,0.381839982249329,28711,28717,7
scaffold_7,8212071,8212102,32,*,5,0.811164691148304,0.710864768099025,2.37770943321533,0.244094488188976,0.38365157480315,51042,51046,5
scaffold_4,16538053,16538353,301,*,5,0.648486758760952,-0.456388949532789,-2.376539705243,0.244094488188976,0.38365157480315,41558,41562,5
scaffold_132,4389,4674,286,*,7,1.63664547951761,0.564553214361901,2.37035236961762,0.244586614173228,0.38365157480315,21528,21534,7
scaffold_6,12607171,12607233,63,*,6,1.32734297463315,-0.54661699833797,-2.36763445999434,0.244586614173228,0.38365157480315,48122,48127,6
scaffold_2,6024622,6025358,737,*,12,1.5605711463125,-0.271736580618627,-2.35340190295698,0.249507874015748,0.388099795536608,26459,26470,12
scaffold_11,24817083,24817132,50,*,6,0.957672255273149,0.539586428597611,2.35163069006236,0.25,0.388099795536608,12638,12643,6
scaffold_3,1318501,1318563,63,*,8,0.8965499644347,0.281467378830749,2.35113400785376,0.25,0.388099795536608,29810,29817,8
scaffold_2,13411039,13411177,139,*,5,0.550512377673444,0.34000684096575,2.35037747187021,0.250492125984252,0.388099795536608,28051,28055,5
scaffold_16,544837,544979,143,*,6,0.815918392333257,0.294998685949333,2.34596167480329,0.251968503937008,0.388099795536608,24849,24854,6
scaffold_6,10805665,10805846,182,*,5,0.99888696972172,0.480360760740742,2.33946743672719,0.254429133858268,0.388099795536608,47833,47837,5
scaffold_12,13962449,13962497,49,*,5,0.657688139875826,0.433316927543333,2.33870478221592,0.254429133858268,0.388099795536608,14724,14728,5
scaffold_1,13236854,13236928,75,*,6,0.928975108777243,0.529317438443391,2.33806880632911,0.254429133858268,0.388099795536608,2304,2309,6
scaffold_7,8196359,8196454,96,*,6,1.12673184215604,0.665503741066416,2.33328957266745,0.255413385826772,0.388099795536608,50983,50988,6
scaffold_13,12137166,12137254,89,*,9,0.933980869326421,0.281872029152055,2.33297737147179,0.255413385826772,0.388099795536608,20004,20012,9
scaffold_13,2344859,2345036,178,*,7,0.989836726185288,0.418324754507225,2.33029276599509,0.255905511811024,0.388099795536608,17298,17304,7
scaffold_14,7635197,7635284,88,*,5,0.678956721433811,0.551623409643095,2.32879614832803,0.255905511811024,0.388099795536608,22730,22734,5
scaffold_2,4643705,4643980,276,*,5,0.981415961880081,0.476957251775806,2.31283557480323,0.260826771653543,0.394473547211557,26188,26192,5
scaffold_3,17136496,17136807,312,*,5,0.747046419809927,-0.403562079523593,-2.30283318317216,0.264763779527559,0.399327788353379,32841,32845,5
scaffold_5,22362190,22362218,29,*,6,1.68187222690307,-0.818828926003256,-2.28589586137295,0.271161417322835,0.405265748031496,45675,45680,6
scaffold_1,13536952,13537047,96,*,6,0.938421023904,0.530948360263472,2.28510525466803,0.271161417322835,0.405265748031496,2619,2624,6
scaffold_4,7660288,7661062,775,*,5,0.877206321309799,0.491495932870176,2.2809203013697,0.272145669291339,0.405265748031496,35855,35859,5
scaffold_947,8753,8837,85,*,5,1.04974230785804,0.402734993892978,2.27994611743267,0.272637795275591,0.405265748031496,60582,60586,5
scaffold_3948,506,673,168,*,5,1.62878484725838,0.304258267630272,2.27574308772463,0.274114173228346,0.405265748031496,33870,33874,5
scaffold_2505,743,1646,904,*,5,0.571185240290375,0.397241477558597,2.27321703139932,0.274606299212598,0.405265748031496,29446,29450,5
scaffold_11,22529816,22531341,1526,*,10,2.31614870787331,0.34852335450978,2.27139525305891,0.274606299212598,0.405265748031496,12134,12143,10
scaffold_13,14903292,14903641,350,*,5,0.716372021447775,-0.550001150305629,-2.27136522604951,0.274606299212598,0.405265748031496,20865,20869,5
scaffold_3,1502402,1502440,39,*,5,0.949238199820402,-0.444852425257537,-2.26438918704845,0.276574803149606,0.405988146869342,29913,29917,5
scaffold_8,14003437,14003595,159,*,5,1.1720049177109,-0.607305593969435,-2.26434310653401,0.276574803149606,0.405988146869342,55945,55949,5
scaffold_3,4293357,4293942,586,*,5,1.24763181642772,0.822498148853627,2.26210002727124,0.278543307086614,0.407787401574803,30745,30749,5
scaffold_6,13023324,13023538,215,*,7,0.77280700691117,0.396747081872257,2.2484323922463,0.281496062992126,0.411014198358184,48408,48414,7
scaffold_9,8494203,8494335,133,*,5,0.674782409981587,0.34841412913265,2.24136488704307,0.284448818897638,0.413463735898448,59477,59481,5
scaffold_2192,4387,4448,62,*,12,1.33060478606792,0.326529664170178,2.23927709327592,0.285433070866142,0.413463735898448,29074,29085,12
scaffold_2272,792,933,142,*,8,0.911393063820362,0.292211023714283,2.23752705997907,0.285433070866142,0.413463735898448,29166,29173,8
scaffold_5,11299626,11299842,217,*,5,1.5687472663471,-0.729325071908259,-2.22279934405667,0.289862204724409,0.418774606299213,44063,44067,5
scaffold_11,13198591,13199464,874,*,6,1.01920453770364,0.373606784110607,2.21829784427159,0.291338582677165,0.419802839605679,9877,9882,6
scaffold_12,13870385,13870544,160,*,5,1.15117850646221,0.5784328768139,2.21325153304149,0.292322834645669,0.42011841942532,14653,14657,5
scaffold_2,13968802,13968874,73,*,5,0.747345178820042,-0.298056823277152,-2.20325915154453,0.294783464566929,0.421364387417894,28313,28317,5
scaffold_5,565,723,159,*,5,0.590164206283889,-0.318078448601001,-2.20308047794851,0.295275590551181,0.421364387417894,42602,42606,5
scaffold_6,12550583,12550599,17,*,5,1.28153935205806,0.458695251135273,2.20245934149555,0.295767716535433,0.421364387417894,48110,48114,5
scaffold_6,9676043,9676086,44,*,5,1.09935657575359,0.437105174898626,2.20113763536355,0.296259842519685,0.421364387417894,47729,47733,5
scaffold_11,13428044,13428212,169,*,8,1.07341498697637,0.394589497141459,2.1880423671244,0.303149606299213,0.428819654754694,10207,10214,8
scaffold_3,10888641,10888717,77,*,5,1.5224501715846,-0.365208264296899,-2.18785412526955,0.303149606299213,0.428819654754694,32034,32038,5
scaffold_7,14817834,14817954,121,*,5,0.71131433264293,0.422066647348218,2.18449565788251,0.304133858267717,0.428819654754694,52639,52643,5
scaffold_13,13263279,13263331,53,*,5,7.03732118097894,-0.563434429543292,-2.18282467840708,0.304625984251969,0.428819654754694,20631,20635,5
scaffold_14,5316955,5317003,49,*,5,0.780688093428206,0.739323448801971,2.17661750886377,0.306102362204724,0.42979589987313,22332,22336,5
scaffold_13,12961675,12962549,875,*,8,0.877242493421835,-0.349986759848938,-2.17029731517694,0.308070866141732,0.431456391611763,20550,20557,8
scaffold_7,15982004,15982163,160,*,8,0.85710789198658,-0.375941824696428,-2.14116124580285,0.318897637795276,0.444352292257884,52801,52808,8
scaffold_10,8031502,8031585,84,*,5,0.655910284732677,0.331398783208144,2.14026844924336,0.318897637795276,0.444352292257884,3459,3463,5
scaffold_10,2148770,2148825,56,*,5,1.12427811080529,-0.534499989224223,-2.13738068158757,0.320866141732283,0.445963321040566,2966,2970,5
scaffold_11,12853665,12853726,62,*,5,0.64883539012068,0.384384599328078,2.12609952823292,0.325295275590551,0.450747833656471,9383,9387,5
scaffold_13,12308084,12308129,46,*,5,1.21247454157325,-0.559755617251314,-2.11716455406153,0.326771653543307,0.450747833656471,20253,20257,5
scaffold_369,15099,15629,531,*,6,1.02777663025446,0.490107618107145,2.11676916228117,0.326771653543307,0.450747833656471,33712,33717,6
scaffold_319,1900,1960,61,*,5,0.899880403154209,0.515015405314123,2.11041948450845,0.327755905511811,0.450972411343319,33183,33187,5
scaffold_4,11466263,11466372,110,*,5,0.573952627964081,-0.311320181977359,-2.10000592083521,0.331692913385827,0.455248523622047,40433,40437,5
scaffold_118,15692,16420,729,*,6,1.19079718329048,-0.460095599107509,-2.09828698511009,0.332677165354331,0.455460757554932,12838,12843,6
scaffold_4,11787974,11788036,63,*,5,4.38333036155599,-0.452760834688185,-2.08460855366591,0.338582677165354,0.462392760606417,40654,40658,5
scaffold_6,11040085,11040904,820,*,5,0.948994099921298,-0.471873111321632,-2.07128386634629,0.345964566929134,0.471301606064751,47892,47896,5
scaffold_10,9197861,9197947,87,*,5,1.19028276568794,0.421546670916271,2.06259154877014,0.34990157480315,0.475485060809231,3655,3659,5
scaffold_1,12170029,12170124,96,*,6,1.03190079486754,0.421627822248522,2.0474560671224,0.354822834645669,0.478769829782307,1664,1669,6
scaffold_1,5930625,5930703,79,*,5,0.787698632976705,0.563367093646633,2.04573031904563,0.355314960629921,0.478769829782307,614,618,5
scaffold_7,8950925,8951364,440,*,6,1.9113614607056,-0.448776443961543,-2.04446162619912,0.355807086614173,0.478769829782307,51242,51247,6
scaffold_6,12762670,12762795,126,*,6,2.48676965324716,0.338822610858542,2.04371752076204,0.355807086614173,0.478769829782307,48165,48170,6
scaffold_9,8250755,8250803,49,*,6,1.16863888467076,-0.435477063917499,-2.03116339566607,0.359744094488189,0.482365085461878,59420,59425,6
scaffold_3,9872245,9872338,94,*,8,0.84433597495131,0.273269625772468,2.02797158516056,0.360236220472441,0.482365085461878,31758,31765,8
scaffold_1,12270603,12270693,91,*,7,0.919733787705595,-0.31137665493767,-2.02184480621373,0.363681102362205,0.485269665927681,1771,1777,7
scaffold_5,19933290,19933342,53,*,7,0.977569431878703,0.33189070112396,2.01841847758999,0.364173228346457,0.485269665927681,45331,45337,7
scaffold_6,13622229,13622271,43,*,6,0.749550844120058,-0.308894592508413,-2.00189537733185,0.370570866141732,0.490465501614456,48652,48657,6
scaffold_7,9013735,9014494,760,*,5,0.917286355213108,0.334877188686748,2.00128215881937,0.371062992125984,0.490465501614456,51251,51255,5
scaffold_10,11846955,11847820,866,*,5,1.29585814901116,-0.54592861672914,-1.99546358759275,0.37253937007874,0.490465501614456,4133,4137,5
scaffold_5,12337775,12338237,463,*,6,1.04197343855317,0.420818355608798,1.9952013501972,0.37253937007874,0.490465501614456,44305,44310,6
scaffold_4,11705136,11705197,62,*,5,0.854789755620164,-0.481439762369922,-1.9943528230975,0.37253937007874,0.490465501614456,40541,40545,5
scaffold_3,1141516,1141588,73,*,5,0.739475431638796,-0.543700235860221,-1.98254026926061,0.377952755905512,0.496402064574464,29782,29786,5
scaffold_4,10802460,10802519,60,*,5,1.49370647873894,0.522977364084777,1.97389838626109,0.38238188976378,0.498099134231444,40255,40259,5
scaffold_12,16627392,16628170,779,*,9,1.10645868308178,0.307939357406951,1.97260238110551,0.38238188976378,0.498099134231444,15154,15162,9
scaffold_5,3196250,3197012,763,*,5,1.0440033809219,0.541296373035574,1.97247209907014,0.38238188976378,0.498099134231444,42909,42913,5
scaffold_2,13631237,13631291,55,*,6,0.755384455164542,0.541429393656727,1.9682649765982,0.382874015748031,0.498099134231444,28184,28189,6
scaffold_13,8717092,8717761,670,*,5,2.65171580401675,-0.744719611392001,-1.96144373051912,0.384350393700787,0.498837745015916,18904,18908,5
scaffold_12,13853913,13855026,1114,*,7,0.87264285853659,0.404547693604773,1.95882045698248,0.385826771653543,0.499572871787253,14645,14651,7
scaffold_1352,7264,7445,182,*,5,0.70385644480048,0.357469394190552,1.95347129102481,0.388779527559055,0.502211672070403,21606,21610,5
scaffold_4,11205336,11205397,62,*,5,0.67576816285069,-0.341796596774674,-1.94682691782146,0.392224409448819,0.505472302317844,40328,40332,5
scaffold_7,13827360,13827420,61,*,5,0.575662495758186,0.307048569553408,1.91687969224408,0.404035433070866,0.519474128233971,52466,52470,5
scaffold_2,2929384,2929461,78,*,6,0.951281068406702,0.358524206130614,1.89944005250024,0.412893700787402,0.529622994701597,25824,25829,6
scaffold_2,6046922,6048336,1415,*,5,1.79364506732961,0.590654194446484,1.89618902966806,0.415354330708661,0.531537360277518,26479,26483,5
scaffold_11,25334432,25334497,66,*,7,0.970572605092948,0.417645843815077,1.89195996481098,0.416830708661417,0.532186183849112,12688,12694,7
scaffold_4,14093672,14093819,148,*,5,0.549901440065577,-0.285653485817008,-1.87926190080454,0.421259842519685,0.536593163673566,41128,41132,5
scaffold_842,7040,7064,25,*,5,0.707022814085145,-0.463071829179418,-1.87296161254477,0.422244094488189,0.53660187007874,57558,57562,5
scaffold_13,12129974,12130035,62,*,6,0.804813071311074,0.474831190189709,1.86836235948117,0.424704724409449,0.53786421858558,19992,19997,6
scaffold_11,16265569,16265629,61,*,5,0.660983863699492,-0.359353910414129,-1.86317100858542,0.425196850393701,0.53786421858558,10787,10791,5
scaffold_11,21087136,21087221,86,*,6,0.927096257502293,-0.456478407250656,-1.85271525243238,0.430610236220472,0.543459815367907,11868,11873,6
scaffold_12,18974112,18975169,1058,*,5,0.59644778791682,0.243413286234042,1.84025775736254,0.436515748031496,0.549649416672687,15815,15819,5
scaffold_13,2690290,2691143,854,*,8,0.965880040406007,0.229069708977429,1.80173915604347,0.453248031496063,0.569412286707869,17389,17396,8
scaffold_13,7984648,7985775,1128,*,7,0.78004728268492,0.203843734091207,1.79818787947846,0.454724409448819,0.569962787185848,18550,18556,7
scaffold_2626,5121,5305,185,*,7,0.886275491915097,0.222651562117322,1.78282105050199,0.458661417322835,0.573587968360447,29541,29547,7
scaffold_6,5743668,5743759,92,*,5,1.42956907937884,-0.392450024369027,-1.77873384765405,0.460137795275591,0.574126476377953,46998,47002,5
scaffold_11,1967333,1967400,68,*,5,0.851583660452085,-0.34995293990491,-1.76117040710703,0.46998031496063,0.585077534950988,5954,5958,5
scaffold_2,5536997,5537068,72,*,5,1.6192741234546,-0.246588511581657,-1.73072759864924,0.481791338582677,0.59842408344319,26343,26347,5
scaffold_4,8425023,8425164,142,*,5,1.03203107229775,0.366935283465585,1.72329460356503,0.486712598425197,0.603172046355379,39672,39676,5
scaffold_7,12034512,12034522,11,*,5,1.25561368755088,0.424832789738398,1.71938749493031,0.489173228346457,0.603355284064828,51986,51990,5
scaffold_1391,2698,2733,36,*,5,0.574512117607417,0.365609436400446,1.71799005505223,0.489665354330709,0.603355284064828,21671,21675,5
scaffold_7,10901863,10903486,1624,*,5,0.928657211072798,-0.25676390935176,-1.71629966915933,0.490157480314961,0.603355284064828,51779,51783,5
scaffold_11,9047127,9047295,169,*,5,0.637816065797388,0.325176865577446,1.70110990157165,0.495570866141732,0.607295548017435,7351,7355,5
scaffold_11,12855978,12856089,112,*,6,0.656567387631914,0.316703076226584,1.70000004910864,0.495570866141732,0.607295548017435,9388,9393,6
scaffold_7,13384229,13384349,121,*,6,1.24800598233399,0.333803719617656,1.67780365448037,0.505413385826772,0.617977614295986,52386,52391,6
scaffold_11,18079484,18079521,38,*,6,0.698654112724516,-0.455687570978896,-1.67087121189976,0.509350393700787,0.621407480314961,11100,11105,6
scaffold_13,12248268,12248365,98,*,13,1.37768102870526,0.221077915498127,1.65005116046662,0.516240157480315,0.62841651099045,20177,20189,13
scaffold_13,8847464,8847552,89,*,9,1.93054289345037,0.279374198187005,1.6368526417493,0.520669291338583,0.632405842798411,18994,19002,9
scaffold_13,8390051,8390772,722,*,8,1.28782746770833,0.289034187015359,1.62906301265072,0.522145669291339,0.632799056161026,18656,18663,8
scaffold_5,23287897,23288356,460,*,6,1.27875353374959,-0.313761315238821,-1.58983396662364,0.539370078740158,0.650558174471612,45794,45799,6
scaffold_11,19433611,19434444,834,*,5,0.979363451420157,0.434123518948709,1.58838308130113,0.539370078740158,0.650558174471612,11592,11596,5
scaffold_11,6477963,6478712,750,*,6,0.975160500155455,0.351798187503765,1.58542750335316,0.540354330708661,0.650558174471612,6896,6901,6
scaffold_13,12953319,12953716,398,*,6,0.886281100992974,0.365787173779613,1.57562409306542,0.543307086614173,0.652681817398646,20528,20533,6
scaffold_373,8496,8533,38,*,5,0.550076337653311,-0.24513872746706,-1.56211641639561,0.550196850393701,0.659515438572362,33742,33746,5
scaffold_9,6883690,6883737,48,*,6,0.643759832399382,0.319732935282248,1.55967476749385,0.551673228346457,0.65984444959086,59084,59089,6
scaffold_13,9282448,9283396,949,*,5,0.884663851442952,-0.376714785698642,-1.54509516368343,0.557086614173228,0.664870763437179,19292,19296,5
scaffold_8,1475014,1475099,86,*,5,1.03663754681792,-0.429425354035016,-1.53544539018774,0.561023622047244,0.668117068338258,53510,53514,5
scaffold_8,11440276,11441116,841,*,8,0.878477713345727,0.186199242547885,1.52216461868286,0.563484251968504,0.669594922793742,54979,54986,8
scaffold_11,13125960,13126021,62,*,5,0.533920982990818,0.231458823997173,1.5177106345495,0.56496062992126,0.669899321440112,9796,9800,5
scaffold_9,14003774,14004076,303,*,6,0.947161596523279,0.234329712585473,1.50716532516121,0.568405511811024,0.671666243332487,60485,60490,6
scaffold_3,6442338,6442420,83,*,6,0.997094988625352,0.317463017847124,1.50503941890286,0.568897637795276,0.671666243332487,31144,31149,6
scaffold_11,13098338,13098399,62,*,5,0.647101104172097,0.389952564989364,1.489162141203,0.575787401574803,0.6783418100098,9765,9769,5
scaffold_11,25490372,25490853,482,*,5,1.03065298203763,0.329685019174693,1.46476364956324,0.581692913385827,0.682370533010297,12712,12716,5
scaffold_8,12171427,12171472,46,*,5,1.22752244079451,-0.286907712456785,-1.46431682708484,0.581692913385827,0.682370533010297,55360,55364,5
scaffold_3008,3868,4571,704,*,8,1.2045138677611,0.223386615159116,1.44889629659244,0.583661417322835,0.683219868038883,33096,33103,8
scaffold_13,8520059,8520265,207,*,5,0.571678884449533,-0.327918243297682,-1.43691420017009,0.588090551181102,0.686054967651337,18769,18773,5
scaffold_1,8067301,8067480,180,*,5,1.22819965972646,0.468775051651171,1.43487273066827,0.588582677165354,0.686054967651337,927,931,5
scaffold_7,10844839,10844881,43,*,5,0.959886117156606,0.389225567918462,1.42050454119557,0.596456692913386,0.693760009342053,51722,51726,5
scaffold_6,13251695,13252427,733,*,7,1.00712671866479,0.250581510859997,1.37621712207987,0.615157480314961,0.712336854032952,48568,48574,7
scaffold_13,10247670,10248255,586,*,6,1.52643233026043,0.35962966068792,1.3707772319179,0.616633858267717,0.712336854032952,19536,19541,6
scaffold_4,10672351,10672472,122,*,5,0.584263444772,0.32068734348574,1.36879761038003,0.616633858267717,0.712336854032952,40213,40217,5
scaffold_9,5124929,5124973,45,*,5,1.28430606826616,0.406837128748903,1.36504036131283,0.61761811023622,0.712336854032952,58556,58560,5
scaffold_1,11145571,11145654,84,*,6,2.16953970826102,0.337212013036012,1.35031789633328,0.622047244094488,0.715941167731392,1493,1498,6
scaffold_2,13417723,13417785,63,*,5,0.614937131584314,0.3375434186953,1.34574798454174,0.623523622047244,0.716139055447567,28076,28080,5
scaffold_13,12230356,12230399,44,*,8,1.13512541468464,-0.261977308304156,-1.3352853297974,0.630413385826772,0.720658513372812,20137,20144,8
scaffold_13,2170844,2170886,43,*,7,0.746046840250462,0.350511187237754,1.3352332310738,0.630413385826772,0.720658513372812,17237,17243,7
scaffold_4,11452656,11454028,1373,*,5,0.753467244910153,-0.32506931333853,-1.33075132908519,0.63238188976378,0.720658513372812,40427,40431,5
scaffold_1,10080724,10080950,227,*,13,1.35101687827378,0.202585814425215,1.32527421276627,0.633366141732283,0.720658513372812,1283,1295,13
scaffold_13,8048636,8048681,46,*,6,1.36144841824307,0.369707914554704,1.32330610612687,0.634350393700787,0.720658513372812,18571,18576,6
scaffold_11,9179759,9179832,74,*,5,2.20594678934423,0.211735008704771,1.3215525244321,0.635334645669291,0.720658513372812,7651,7655,5
scaffold_6,7952530,7952568,39,*,5,1.0232903360904,0.544983868536166,1.31061273992535,0.639763779527559,0.72418621641367,47430,47434,5
scaffold_10,14894626,14894678,53,*,6,3.28301455633946,-0.281539628069867,-1.29012618646426,0.648129921259842,0.732146762904637,5071,5076,6
scaffold_3,6441348,6441623,276,*,9,1.03177657311059,-0.296872873148065,-1.26487441217754,0.656988188976378,0.740629395786512,31132,31140,9
scaffold_14,2202328,2202991,664,*,5,1.00678429022628,0.40616444942087,1.25860730367818,0.659448818897638,0.741879921259843,21965,21969,5
scaffold_11,13032550,13032611,62,*,5,1.28545225855124,0.266500082969308,1.22743609063209,0.668799212598425,0.750860465677987,9658,9662,5
scaffold_11,10019216,10020111,896,*,9,0.921042892595431,0.202018216175077,1.2111301311236,0.671259842519685,0.752085007231239,7869,7877,9
scaffold_10,11199185,11199316,132,*,5,0.722815547060688,-0.228265623637737,-1.19659798498108,0.676181102362205,0.754519156904168,3980,3984,5
scaffold_47,660,721,62,*,5,0.835515899580464,-0.235077943204774,-1.19635543435284,0.676181102362205,0.754519156904168,42499,42503,5
scaffold_13,8441056,8441104,49,*,5,1.03779585523607,0.477396565926512,1.18052724874875,0.68011811023622,0.757372905719442,18677,18681,5
scaffold_4,10137831,10137924,94,*,5,0.535573215377131,0.254098330957694,1.13599570222483,0.695374015748031,0.77279419968759,40079,40083,5
scaffold_7,5912118,5912223,106,*,6,1.10331631260719,0.324177438424767,1.1285658833029,0.697834645669291,0.773962061560487,50637,50642,6
scaffold_5,10092035,10092092,58,*,5,0.513147381308112,-0.264652490454166,-1.10690369949024,0.706200787401575,0.779065079214496,43917,43921,5
scaffold_5,23304212,23305258,1047,*,5,0.536674482977216,0.322758318968698,1.10386075270789,0.706692913385827,0.779065079214496,45864,45868,5
scaffold_11,10279629,10279725,97,*,5,10.3389200264085,-0.239138905028545,-1.10341664913286,0.706692913385827,0.779065079214496,7939,7943,5
scaffold_16,1420536,1420606,71,*,6,1.33842873865603,-0.346183071675697,-1.0966160337527,0.709645669291339,0.780752449781453,25100,25105,6
scaffold_12,1444990,1445103,114,*,5,0.687552405809755,0.287278583103829,1.0396336171576,0.731791338582677,0.80350688976378,13070,13074,5
scaffold_11,12932725,12932941,217,*,5,0.679038803908645,0.178397400450803,1.02127539447618,0.737696850393701,0.808374392946391,9527,9531,5
scaffold_8,11681943,11682848,906,*,5,1.02399026638827,-0.266783830998738,-1.01617935211484,0.739173228346457,0.808378689964551,55092,55096,5
scaffold_6,10717413,10718100,688,*,5,1.36680685344044,-0.198893391930824,-1.00421380456301,0.74261811023622,0.809996491775162,47807,47811,5
scaffold_11,12878223,12878284,62,*,5,0.623256112380494,0.294250095828235,1.00174260770639,0.744094488188976,0.809996491775162,9459,9463,5
scaffold_14,9866665,9867622,958,*,5,0.545812764050065,-0.143349484035747,-0.999882139306191,0.74507874015748,0.809996491775162,23005,23009,5
scaffold_3,2343707,2343933,227,*,6,0.807106703814532,0.141833482622888,0.991863754069256,0.748031496062992,0.811599389997199,30248,30253,6
scaffold_8,13238595,13239277,683,*,8,1.06240569453647,-0.141508400409616,-0.953472075558957,0.761318897637795,0.824386735311932,55805,55812,8
scaffold_5,11597745,11597889,145,*,6,1.00537334770557,-0.163156105149602,-0.891460170394454,0.78001968503937,0.842974029698059,44123,44128,6
scaffold_2,8546657,8546728,72,*,5,0.98653792412885,-0.122243564050291,-0.878547819866821,0.783464566929134,0.845033491638692,27035,27039,5
scaffold_7,10414160,10414222,63,*,5,1.19752652604847,0.210704607458475,0.855832118428204,0.789862204724409,0.850263432144511,51569,51573,5
scaffold_186,11687,11772,86,*,8,3.36045337176769,-0.145084757939932,-0.839421486405153,0.795275590551181,0.85441545834168,25360,25367,8
scaffold_4,213575,213596,22,*,5,1.05173249071586,-0.270960238592186,-0.826927853345511,0.798228346456693,0.855912816806102,34088,34092,5
scaffold_11,4663788,4663810,23,*,5,0.568887151073252,0.112943378059748,0.802158555422523,0.806594488188976,0.858609444249836,6260,6264,5
scaffold_11,12948269,12948661,393,*,5,0.97233945687549,0.192136898218586,0.800596376701196,0.806594488188976,0.858609444249836,9558,9562,5
scaffold_9,6798139,6798187,49,*,5,0.858037704798297,0.193634438495421,0.800442760461236,0.807086614173228,0.858609444249836,58936,58940,5
scaffold_13,10244923,10245104,182,*,5,1.20993892468826,0.250475676725749,0.791426297352538,0.808562992125984,0.858609444249836,19522,19526,5
scaffold_11,19378718,19378916,199,*,6,0.852105912393111,0.0969657769374114,0.789789002790171,0.808562992125984,0.858609444249836,11481,11486,6
scaffold_4,13205223,13205313,91,*,5,1.31515302968706,-0.136889286395613,-0.776022617677517,0.8125,0.860506463064949,40933,40937,5
scaffold_7,11627964,11628049,86,*,5,1.26871613551877,0.19533534997853,0.771741846451459,0.813484251968504,0.860506463064949,51871,51875,5
scaffold_2,17150838,17150876,39,*,5,0.818345050772806,-0.248473749977478,-0.747587606080476,0.81988188976378,0.865606072077529,28774,28778,5
scaffold_8,11317069,11318690,1622,*,5,1.22014317051161,0.197812278887613,0.736745287649508,0.821850393700787,0.866018936932308,54947,54951,5
scaffold_8,19946843,19947118,276,*,5,1.1670464443259,0.251209443951828,0.643865095635056,0.856299212598425,0.900418354134987,56550,56554,5
scaffold_16,857353,857414,62,*,5,2.85719177787625,-0.127133768877412,-0.640702296769321,0.857775590551181,0.900418354134987,24953,24957,5
scaffold_10,13868572,13870065,1494,*,5,0.687793986969876,0.0969967523057572,0.602554630561316,0.870570866141732,0.910368391451069,4877,4881,5
scaffold_12,860303,860870,568,*,8,2.37246961028527,0.0846733990890184,0.599101254017856,0.870570866141732,0.910368391451069,12997,13004,8
scaffold_3,6440113,6440237,125,*,5,0.601546277774986,-0.198891966339916,-0.565843980840464,0.874507874015748,0.912746811472711,31122,31126,5
scaffold_4,4038796,4038941,146,*,5,0.541616604618281,-0.111761937117908,-0.495731881249836,0.889763779527559,0.924935437536281,34665,34669,5
scaffold_5,21311474,21311516,43,*,5,0.694696698905503,-0.203226669071643,-0.492330326646186,0.890748031496063,0.924935437536281,45527,45531,5
scaffold_2,14641147,14641172,26,*,5,15.0554846900723,-0.128753714473388,-0.486642571677279,0.891240157480315,0.924935437536281,28420,28424,5
scaffold_11,11448189,11448230,42,*,6,0.942214971583744,-0.0503827001033404,-0.452054688875323,0.903051181102362,0.934680701988522,8171,8176,6
scaffold_11,13172262,13172334,73,*,5,0.964553284744239,0.147265427371919,0.438860728896316,0.904035433070866,0.934680701988522,9844,9848,5
scaffold_1933,828,873,46,*,5,0.626968159736092,0.120450816758526,0.42147820303998,0.908956692913386,0.936242447297277,25439,25443,5
scaffold_4,12368289,12368550,262,*,6,2.89674557201983,-0.0820294010496904,-0.420506625264911,0.908956692913386,0.936242447297277,40797,40802,6
scaffold_13,12589901,12589962,62,*,6,0.817281848866849,0.0965853920573198,0.378034423252893,0.918799212598425,0.942842556479506,20432,20437,6
scaffold_2,13846629,13846696,68,*,5,1.43249725591351,-0.0299257822678978,-0.373053015911718,0.918799212598425,0.942842556479506,28289,28293,5
scaffold_14,8459680,8459717,38,*,5,1.56552225985717,0.0838665245059832,0.359974360070041,0.923720472440945,0.946122266779849,22776,22780,5
scaffold_1,1627084,1627125,42,*,6,0.911431547273399,0.161369552920696,0.336613621918768,0.926673228346457,0.946122266779849,223,228,6
scaffold_6,15825144,15825170,27,*,5,1.67040439194799,0.048464692338139,0.33500172464418,0.927165354330709,0.946122266779849,49250,49254,5
scaffold_3,12616169,12616239,71,*,5,0.584791518329299,-0.0685278862121679,-0.304711946636047,0.933562992125984,0.950883270273034,32283,32287,5
scaffold_10,12620537,12621144,608,*,6,1.09891883140592,-0.109303347911097,-0.289581761590275,0.937007874015748,0.95262467191601,4224,4229,6
scaffold_11,22452423,22452483,61,*,5,0.510493781156431,0.0486286895424328,0.220758039136819,0.954232283464567,0.968342927212657,12057,12061,5
scaffold_6,15188893,15189002,110,*,6,2.4208758552164,0.0440506913033638,0.181055831639939,0.964566929133858,0.974922381600278,48965,48970,6
scaffold_13,12241721,12241782,62,*,5,0.691580291373785,-0.0453406528267676,-0.16196296510559,0.966043307086614,0.974922381600278,20149,20153,5
scaffold_3,8623807,8623890,84,*,6,0.887683253528548,0.0408559636402506,0.161726051595305,0.966043307086614,0.974922381600278,31461,31466,6
scaffold_165,1938,3066,1129,*,5,2.81153878337193,0.032626337832785,0.103525064127535,0.977854330708661,0.983227156701566,25136,25140,5
scaffold_1262,4228,4273,46,*,5,0.817583144222216,0.0309744608503398,0.101098943817549,0.977854330708661,0.983227156701566,16827,16831,5
scaffold_10,8032844,8032859,16,*,5,0.86331039509452,-0.014244104796706,-0.0917894419905797,0.980807086614173,0.984393218557918,3465,3469,5
scaffold_4,7059652,7059707,56,*,7,1.89663461289232,-0.00429554877575882,-0.0486219539319909,0.992125984251969,0.993936433128341,35731,35737,7
scaffold_1,13028081,13028171,91,*,5,1.2936919043087,0.00423222376771995,0.0161153985069411,0.997047244094488,0.997047244094488,2085,2089,5
